data,denominazione_regione,ricoverati_con_sintomi,terapia_intensiva,totale_ospedalizzati,isolamento_domiciliare,totale_positivi,variazione_totale_positivi,nuovi_positivi,dimessi_guariti,deceduti,totale_casi,tamponi,casi_testati,nuovi_tamponi,nuovi_casi_testati,nuovi_deceduti
2020-02-24,Sardegna,0,0,0,0,0,0,0,0,0,0,1,0.0,1,0.0,0
2020-02-25,Sardegna,0,0,0,0,0,0,0,0,0,0,1,0.0,0,0.0,0
2020-02-26,Sardegna,0,0,0,0,0,0,0,0,0,0,1,0.0,0,0.0,0
2020-02-27,Sardegna,0,0,0,0,0,0,0,0,0,0,1,0.0,0,0.0,0
2020-02-28,Sardegna,0,0,0,0,0,0,0,0,0,0,1,0.0,0,0.0,0
2020-02-29,Sardegna,0,0,0,0,0,0,0,0,0,0,1,0.0,0,0.0,0
2020-03-01,Sardegna,0,0,0,0,0,0,0,0,0,0,29,0.0,28,0.0,0
2020-03-02,Sardegna,0,0,0,0,0,0,0,0,0,0,29,0.0,0,0.0,0
2020-03-03,Sardegna,1,0,1,0,1,1,1,0,0,1,29,0.0,0,0.0,0
2020-03-04,Sardegna,1,0,1,1,2,1,1,0,0,2,42,0.0,13,0.0,0
2020-03-05,Sardegna,2,0,2,0,2,0,0,0,0,2,50,0.0,8,0.0,0
2020-03-06,Sardegna,2,0,2,3,5,3,3,0,0,5,99,0.0,49,0.0,0
2020-03-07,Sardegna,2,0,2,3,5,0,0,0,0,5,99,0.0,0,0.0,0
2020-03-08,Sardegna,5,0,5,6,11,6,6,0,0,11,149,0.0,50,0.0,0
2020-03-09,Sardegna,8,0,8,11,19,8,8,0,0,19,185,0.0,36,0.0,0
2020-03-10,Sardegna,9,0,9,11,20,1,1,0,0,20,204,0.0,19,0.0,0
2020-03-11,Sardegna,10,0,10,27,37,17,17,0,0,37,283,0.0,79,0.0,0
2020-03-12,Sardegna,12,0,12,27,39,2,2,0,0,39,302,0.0,19,0.0,0
2020-03-13,Sardegna,12,0,12,31,43,4,4,0,0,43,504,0.0,202,0.0,0
2020-03-14,Sardegna,14,0,14,33,47,4,4,0,0,47,530,0.0,26,0.0,0
2020-03-15,Sardegna,16,0,16,59,75,28,30,0,2,77,613,0.0,83,0.0,2
2020-03-16,Sardegna,39,0,39,66,105,30,30,0,2,107,797,0.0,184,0.0,0
2020-03-17,Sardegna,36,4,40,75,115,10,10,0,2,117,1003,0.0,206,0.0,0
2020-03-18,Sardegna,42,7,49,83,132,17,17,0,2,134,1135,0.0,132,0.0,0
2020-03-19,Sardegna,43,9,52,152,204,72,72,0,2,206,1334,0.0,199,0.0,0
2020-03-20,Sardegna,56,15,71,217,288,84,87,3,2,293,1912,0.0,578,0.0,0
2020-03-21,Sardegna,65,16,81,240,321,33,37,5,4,330,2297,0.0,385,0.0,2
2020-03-22,Sardegna,67,16,83,244,327,6,9,5,7,339,2402,0.0,105,0.0,3
2020-03-23,Sardegna,76,18,94,249,343,16,20,5,11,359,2568,0.0,166,0.0,4
2020-03-24,Sardegna,80,19,99,296,395,52,62,11,15,421,2859,0.0,291,0.0,4
2020-03-25,Sardegna,82,19,101,311,412,17,21,12,18,442,3019,0.0,160,0.0,3
2020-03-26,Sardegna,92,20,112,350,462,50,52,13,19,494,3461,0.0,442,0.0,1
2020-03-27,Sardegna,93,19,112,384,496,34,36,13,21,530,3801,0.0,340,0.0,2
2020-03-28,Sardegna,95,22,117,452,569,73,94,29,26,624,4225,0.0,424,0.0,5
2020-03-29,Sardegna,105,23,128,454,582,13,14,29,27,638,4598,0.0,373,0.0,1
2020-03-30,Sardegna,113,24,137,485,622,40,44,32,28,682,4993,0.0,395,0.0,1
2020-03-31,Sardegna,113,28,141,516,657,35,40,34,31,722,5257,0.0,264,0.0,3
2020-04-01,Sardegna,119,27,146,529,675,18,23,36,34,745,5501,0.0,244,0.0,3
2020-04-02,Sardegna,117,24,141,577,718,43,49,36,40,794,5970,0.0,469,0.0,6
2020-04-03,Sardegna,122,24,146,598,744,26,31,40,41,825,6478,0.0,508,0.0,1
2020-04-04,Sardegna,123,24,147,642,789,45,49,44,41,874,6789,0.0,311,0.0,0
2020-04-05,Sardegna,126,25,151,664,815,26,33,49,43,907,7157,0.0,368,0.0,2
2020-04-06,Sardegna,123,26,149,670,819,4,15,56,47,922,7521,0.0,364,0.0,4
2020-04-07,Sardegna,122,26,148,673,821,2,13,62,52,935,7680,0.0,159,0.0,5
2020-04-08,Sardegna,112,31,143,697,840,19,40,76,59,975,8493,0.0,813,0.0,7
2020-04-09,Sardegna,106,25,131,745,876,36,51,86,64,1026,8918,0.0,425,0.0,5
2020-04-10,Sardegna,107,26,133,743,876,0,37,118,69,1063,9444,0.0,526,0.0,5
2020-04-11,Sardegna,113,24,137,751,888,12,28,130,73,1091,10120,0.0,676,0.0,4
2020-04-12,Sardegna,109,26,135,768,903,15,22,137,73,1113,10663,0.0,543,0.0,0
2020-04-13,Sardegna,107,27,134,780,914,11,15,139,75,1128,11010,0.0,347,0.0,2
2020-04-14,Sardegna,107,24,131,769,900,-14,10,158,80,1138,11893,0.0,883,0.0,5
2020-04-15,Sardegna,107,26,133,737,870,-30,23,208,83,1161,12395,0.0,502,0.0,3
2020-04-16,Sardegna,109,24,133,732,865,-5,3,214,85,1164,12796,0.0,401,0.0,2
2020-04-17,Sardegna,113,23,136,736,872,7,14,220,86,1178,13304,0.0,508,0.0,1
2020-04-18,Sardegna,112,23,135,746,881,9,20,231,86,1198,14087,0.0,783,0.0,0
2020-04-19,Sardegna,117,22,139,725,864,-17,17,265,86,1215,14859,13760.0,772,13760.0,0
2020-04-20,Sardegna,115,21,136,718,854,-10,13,288,86,1228,15328,14160.0,469,400.0,0
2020-04-21,Sardegna,112,21,133,704,837,-17,8,306,93,1236,15886,14526.0,558,366.0,7
2020-04-22,Sardegna,97,20,117,716,833,-4,11,318,96,1247,16886,15354.0,1000,828.0,3
2020-04-23,Sardegna,90,20,110,707,817,-16,7,339,98,1254,17844,16094.0,958,740.0,2
2020-04-24,Sardegna,95,19,114,690,804,-13,3,351,102,1257,19889,18050.0,2045,1956.0,4
2020-04-25,Sardegna,96,18,114,680,794,-10,14,374,103,1271,20351,18480.0,462,430.0,1
2020-04-26,Sardegna,95,20,115,668,783,-11,9,388,109,1280,21101,19162.0,750,682.0,6
2020-04-27,Sardegna,97,19,116,660,776,-7,3,398,109,1283,21395,19424.0,294,262.0,0
2020-04-28,Sardegna,96,18,114,658,772,-4,2,404,109,1285,22116,20053.0,721,629.0,0
2020-04-29,Sardegna,87,17,104,657,761,-11,5,413,116,1290,23299,21071.0,1183,1018.0,7
2020-04-30,Sardegna,87,16,103,641,744,-17,5,435,116,1295,24754,22358.0,1455,1287.0,0
2020-05-01,Sardegna,84,12,96,648,744,0,18,452,117,1313,26242,23442.0,1488,1084.0,1
2020-05-02,Sardegna,86,13,99,631,730,-14,2,466,119,1315,26990,24065.0,748,623.0,2
2020-05-03,Sardegna,92,10,102,587,689,-41,4,511,119,1319,27737,24662.0,747,597.0,0
2020-05-04,Sardegna,91,9,100,553,653,-36,-2,545,119,1317,28052,24926.0,315,264.0,0
2020-05-05,Sardegna,94,9,103,539,642,-11,1,557,119,1318,28867,25631.0,815,705.0,0
2020-05-06,Sardegna,91,11,102,521,623,-19,1,577,119,1319,29966,26598.0,1099,967.0,0
2020-05-07,Sardegna,90,9,99,484,583,-40,5,622,119,1324,31064,27540.0,1098,942.0,0
2020-05-08,Sardegna,90,10,100,453,553,-30,6,658,119,1330,32219,28519.0,1155,979.0,0
2020-05-09,Sardegna,87,11,98,452,550,-3,4,665,119,1334,33330,29503.0,1111,984.0,0
