data,denominazione_regione,ricoverati_con_sintomi,terapia_intensiva,totale_ospedalizzati,isolamento_domiciliare,totale_positivi,variazione_totale_positivi,nuovi_positivi,dimessi_guariti,deceduti,totale_casi,tamponi,casi_testati,nuovi_tamponi,nuovi_casi_testati,nuovi_deceduti
2020-02-24,Sicilia,0,0,0,0,0,0,0,0,0,0,5,0.0,5,0.0,0
2020-02-25,Sicilia,1,0,1,2,3,3,3,0,0,3,5,0.0,0,0.0,0
2020-02-26,Sicilia,1,0,1,2,3,0,0,0,0,3,5,0.0,0,0.0,0
2020-02-27,Sicilia,1,0,1,1,2,-1,1,2,0,4,5,0.0,0,0.0,0
2020-02-28,Sicilia,1,0,1,1,2,0,0,2,0,4,5,0.0,0,0.0,0
2020-02-29,Sicilia,1,0,1,1,2,0,0,2,0,4,6,0.0,1,0.0,0
2020-03-01,Sicilia,1,0,1,6,7,5,5,2,0,9,291,0.0,285,0.0,0
2020-03-02,Sicilia,2,0,2,3,5,-2,-2,2,0,7,307,0.0,16,0.0,0
2020-03-03,Sicilia,2,0,2,3,5,0,0,2,0,7,307,0.0,0,0.0,0
2020-03-04,Sicilia,5,0,5,11,16,11,11,2,0,18,367,0.0,60,0.0,0
2020-03-05,Sicilia,5,0,5,11,16,0,0,2,0,18,367,0.0,0,0.0,0
2020-03-06,Sicilia,7,0,7,15,22,6,6,2,0,24,367,0.0,0,0.0,0
2020-03-07,Sicilia,8,0,8,25,33,11,11,2,0,35,643,0.0,276,0.0,0
2020-03-08,Sicilia,18,0,18,33,51,18,18,2,0,53,791,0.0,148,0.0,0
2020-03-09,Sicilia,19,0,19,33,52,1,1,2,0,54,836,0.0,45,0.0,0
2020-03-10,Sicilia,17,2,19,41,60,8,8,2,0,62,955,0.0,119,0.0,0
2020-03-11,Sicilia,23,1,24,57,81,21,21,2,0,83,1194,0.0,239,0.0,0
2020-03-12,Sicilia,28,5,33,78,111,30,32,2,2,115,1477,0.0,283,0.0,2
2020-03-13,Sicilia,37,7,44,82,126,15,15,2,2,130,1950,0.0,473,0.0,0
2020-03-14,Sicilia,42,11,53,97,150,24,26,4,2,156,2100,0.0,150,0.0,0
2020-03-15,Sicilia,56,15,71,108,179,29,32,7,2,188,2452,0.0,352,0.0,0
2020-03-16,Sicilia,75,20,95,108,203,24,25,8,2,213,2653,0.0,201,0.0,0
2020-03-17,Sicilia,86,28,114,112,226,23,24,8,3,237,2916,0.0,263,0.0,1
2020-03-18,Sicilia,100,29,129,138,267,41,45,12,3,282,3294,0.0,378,0.0,0
2020-03-19,Sicilia,143,36,179,142,321,54,58,15,4,340,3961,0.0,667,0.0,1
2020-03-20,Sicilia,168,42,210,169,379,58,68,25,4,408,4468,0.0,507,0.0,0
2020-03-21,Sicilia,206,48,254,204,458,79,82,26,6,490,4883,0.0,415,0.0,2
2020-03-22,Sicilia,220,55,275,321,596,138,140,26,8,630,5580,0.0,697,0.0,2
2020-03-23,Sicilia,250,60,310,371,681,85,91,27,13,721,6375,0.0,795,0.0,5
2020-03-24,Sicilia,250,60,310,489,799,118,125,27,20,846,7170,0.0,795,0.0,7
2020-03-25,Sicilia,259,80,339,597,936,137,148,33,25,994,8312,0.0,1142,0.0,5
2020-03-26,Sicilia,346,68,414,681,1095,159,170,36,33,1164,9658,0.0,1346,0.0,8
2020-03-27,Sicilia,425,75,500,658,1158,63,86,53,39,1250,11079,0.0,1421,0.0,6
2020-03-28,Sicilia,441,71,512,730,1242,84,109,60,57,1359,13096,0.0,2017,0.0,18
2020-03-29,Sicilia,451,71,522,808,1330,88,101,65,65,1460,13814,0.0,718,0.0,8
2020-03-30,Sicilia,484,75,559,849,1408,78,95,71,76,1555,14758,0.0,944,0.0,11
2020-03-31,Sicilia,503,72,575,917,1492,84,92,74,81,1647,15634,0.0,876,0.0,5
2020-04-01,Sicilia,496,72,568,976,1544,52,71,86,88,1718,16836,0.0,1202,0.0,7
2020-04-02,Sicilia,503,73,576,1030,1606,62,73,92,93,1791,17833,0.0,997,0.0,5
2020-04-03,Sicilia,535,73,608,1056,1664,58,68,94,101,1859,18686,0.0,853,0.0,8
2020-04-04,Sicilia,553,74,627,1099,1726,62,73,95,111,1932,19896,0.0,1210,0.0,10
2020-04-05,Sicilia,556,76,632,1142,1774,48,62,104,116,1994,21904,0.0,2008,0.0,5
2020-04-06,Sicilia,563,74,637,1178,1815,41,52,108,123,2046,23464,0.0,1560,0.0,7
2020-04-07,Sicilia,562,73,635,1224,1859,44,51,113,125,2097,24857,0.0,1393,0.0,2
2020-04-08,Sicilia,563,65,628,1265,1893,34,62,133,133,2159,27438,0.0,2581,0.0,8
2020-04-09,Sicilia,566,63,629,1313,1942,49,73,152,138,2232,28742,0.0,1304,0.0,5
2020-04-10,Sicilia,568,62,630,1337,1967,25,70,187,148,2302,31156,0.0,2414,0.0,10
2020-04-11,Sicilia,562,58,620,1381,2001,34,62,209,154,2364,33787,0.0,2631,0.0,6
2020-04-12,Sicilia,552,53,605,1425,2030,29,52,223,163,2416,36098,0.0,2311,0.0,9
2020-04-13,Sicilia,554,51,605,1445,2050,20,42,237,171,2458,37311,0.0,1213,0.0,8
2020-04-14,Sicilia,552,53,605,1466,2071,21,43,255,175,2501,37877,0.0,566,0.0,4
2020-04-15,Sicilia,541,49,590,1491,2081,10,34,273,181,2535,39867,0.0,1990,0.0,6
2020-04-16,Sicilia,525,48,573,1535,2108,27,44,284,187,2579,42405,0.0,2538,0.0,6
2020-04-17,Sicilia,521,46,567,1572,2139,31,46,296,190,2625,45172,0.0,2767,0.0,3
2020-04-18,Sicilia,526,42,568,1603,2171,32,47,305,196,2672,47715,0.0,2543,0.0,6
2020-04-19,Sicilia,522,41,563,1639,2202,31,45,315,200,2717,49772,49772.0,2057,49772.0,4
2020-04-20,Sicilia,526,39,565,1645,2210,8,42,346,203,2759,51373,51373.0,1601,1601.0,3
2020-04-21,Sicilia,514,37,551,1708,2259,49,76,370,206,2835,55093,55093.0,3720,3720.0,3
2020-04-22,Sicilia,500,35,535,1752,2287,28,48,388,208,2883,58732,58732.0,3639,3639.0,2
2020-04-23,Sicilia,476,34,510,1791,2301,14,43,412,213,2926,62150,62150.0,3418,3418.0,5
2020-04-24,Sicilia,461,32,493,1827,2320,19,55,443,218,2981,65165,63626.0,3015,1476.0,5
2020-04-25,Sicilia,452,33,485,1787,2272,-48,39,524,224,3020,68251,64892.0,3086,1266.0,6
2020-04-26,Sicilia,445,33,478,1629,2107,-165,35,720,228,3055,70104,65689.0,1853,797.0,4
2020-04-27,Sicilia,440,35,475,1648,2123,16,30,731,231,3085,70650,66749.0,546,1060.0,3
2020-04-28,Sicilia,428,34,462,1681,2143,20,35,745,232,3120,73008,68729.0,2358,1980.0,1
2020-04-29,Sicilia,415,34,449,1696,2145,2,20,763,232,3140,75360,71301.0,2352,2572.0,0
2020-04-30,Sicilia,408,33,441,1716,2157,12,26,774,235,3166,79669,74541.0,4309,3240.0,3
2020-05-01,Sicilia,399,30,429,1742,2171,14,28,786,237,3194,82860,77490.0,3191,2949.0,2
2020-05-02,Sicilia,396,30,426,1760,2186,15,19,787,240,3213,84352,77590.0,1492,100.0,3
2020-05-03,Sicilia,383,29,412,1791,2203,17,27,795,242,3240,85955,78409.0,1603,819.0,2
2020-05-04,Sicilia,376,27,403,1799,2202,-1,15,809,244,3255,87166,79336.0,1211,927.0,2
2020-05-05,Sicilia,367,26,393,1809,2202,0,12,818,247,3267,91306,82079.0,4140,2743.0,3
2020-05-06,Sicilia,359,25,384,1817,2201,-1,14,830,250,3281,92999,83908.0,1693,1829.0,3
2020-05-07,Sicilia,349,21,370,1757,2127,-74,7,910,251,3288,95695,85674.0,2696,1766.0,1
2020-05-08,Sicilia,310,19,329,1798,2127,0,13,921,253,3301,98711,88497.0,3016,2823.0,2
2020-05-09,Sicilia,277,17,294,1786,2080,-47,12,977,256,3313,101548,90885.0,2837,2388.0,3
