data,denominazione_regione,ricoverati_con_sintomi,terapia_intensiva,totale_ospedalizzati,isolamento_domiciliare,totale_positivi,variazione_totale_positivi,nuovi_positivi,dimessi_guariti,deceduti,totale_casi,tamponi,casi_testati,nuovi_tamponi,nuovi_casi_testati,nuovi_deceduti
2020-02-24,Liguria,0,0,0,0,0,0,0,0,0,0,1,0.0,1,0.0,0
2020-02-25,Liguria,1,0,1,0,1,1,1,0,0,1,39,0.0,38,0.0,0
2020-02-26,Liguria,6,0,6,5,11,10,10,0,0,11,66,0.0,27,0.0,0
2020-02-27,Liguria,9,0,9,10,19,8,8,0,0,19,78,0.0,12,0.0,0
2020-02-28,Liguria,9,0,9,10,19,0,0,0,0,19,112,0.0,34,0.0,0
2020-02-29,Liguria,4,1,5,33,38,19,23,4,0,42,121,0.0,9,0.0,0
2020-03-01,Liguria,12,1,13,8,21,-17,-17,4,0,25,121,0.0,0,0.0,0
2020-03-02,Liguria,12,1,13,5,18,-3,-3,4,0,22,121,0.0,0,0.0,0
2020-03-03,Liguria,12,2,14,5,19,1,2,4,1,24,121,0.0,0,0.0,1
2020-03-04,Liguria,10,3,13,8,21,2,2,4,1,26,133,0.0,12,0.0,0
2020-03-05,Liguria,11,3,14,7,21,0,2,4,3,28,146,0.0,13,0.0,2
2020-03-06,Liguria,12,5,17,7,24,3,4,5,3,32,229,0.0,83,0.0,0
2020-03-07,Liguria,26,6,32,10,42,18,19,5,4,51,331,0.0,102,0.0,1
2020-03-08,Liguria,39,11,50,17,67,25,27,5,6,78,401,0.0,70,0.0,2
2020-03-09,Liguria,60,17,77,20,97,30,31,5,7,109,611,0.0,210,0.0,1
2020-03-10,Liguria,57,29,86,42,128,31,32,5,8,141,694,0.0,83,0.0,1
2020-03-11,Liguria,74,34,108,73,181,53,53,5,8,194,1025,0.0,331,0.0,0
2020-03-12,Liguria,100,36,136,107,243,62,80,20,11,274,1174,0.0,149,0.0,3
2020-03-13,Liguria,128,44,172,132,304,61,71,24,17,345,1442,0.0,268,0.0,6
2020-03-14,Liguria,213,62,275,109,384,80,118,52,27,463,1750,0.0,308,0.0,10
2020-03-15,Liguria,253,66,319,174,493,109,96,33,33,559,1973,0.0,223,0.0,6
2020-03-16,Liguria,255,73,328,247,575,82,108,42,50,667,2189,0.0,216,0.0,17
2020-03-17,Liguria,299,85,384,277,661,86,111,57,60,778,2509,0.0,320,0.0,10
2020-03-18,Liguria,401,100,501,243,744,83,109,70,73,887,2912,0.0,403,0.0,13
2020-03-19,Liguria,491,112,603,280,883,139,172,85,91,1059,3348,0.0,436,0.0,18
2020-03-20,Liguria,573,121,694,307,1001,118,162,101,119,1221,3794,0.0,446,0.0,28
2020-03-21,Liguria,598,129,727,432,1159,158,215,125,152,1436,4304,0.0,510,0.0,33
2020-03-22,Liguria,736,132,868,483,1351,192,229,143,171,1665,4995,0.0,691,0.0,19
2020-03-23,Liguria,761,133,894,659,1553,202,259,159,212,1924,5538,0.0,543,0.0,41
2020-03-24,Liguria,803,147,950,742,1692,139,192,193,231,2116,5992,0.0,454,0.0,19
2020-03-25,Liguria,927,147,1074,752,1826,134,189,225,254,2305,6602,0.0,610,0.0,23
2020-03-26,Liguria,998,154,1152,875,2027,201,262,260,280,2567,7304,0.0,702,0.0,26
2020-03-27,Liguria,1023,157,1180,880,2060,33,129,305,331,2696,7804,0.0,500,0.0,51
2020-03-28,Liguria,1031,167,1198,888,2086,26,126,378,358,2822,8177,0.0,373,0.0,27
2020-03-29,Liguria,1077,166,1243,1036,2279,193,254,420,377,3076,9100,0.0,923,0.0,19
2020-03-30,Liguria,1142,175,1317,1066,2383,104,141,437,397,3217,9677,0.0,577,0.0,20
2020-03-31,Liguria,1153,179,1332,1176,2508,125,199,480,428,3416,10376,0.0,699,0.0,31
2020-04-01,Liguria,1114,179,1293,1352,2645,137,244,555,460,3660,11334,0.0,958,0.0,32
2020-04-02,Liguria,1120,172,1292,1368,2660,15,122,634,488,3782,12069,0.0,735,0.0,28
2020-04-03,Liguria,1147,173,1320,1426,2746,86,183,700,519,3965,12934,0.0,865,0.0,31
2020-04-04,Liguria,1121,169,1290,1604,2894,148,238,767,542,4203,14087,0.0,1153,0.0,23
2020-04-05,Liguria,1126,165,1291,1802,3093,199,246,800,556,4449,15047,0.0,960,0.0,14
2020-04-06,Liguria,1141,162,1303,1814,3117,24,100,837,595,4549,15533,0.0,486,0.0,39
2020-04-07,Liguria,1090,156,1246,1966,3212,95,208,925,620,4757,16579,0.0,1046,0.0,25
2020-04-08,Liguria,1109,153,1262,1983,3245,33,149,1007,654,4906,17521,0.0,942,0.0,34
2020-04-09,Liguria,1103,154,1257,1996,3253,8,114,1085,682,5020,18446,0.0,925,0.0,28
2020-04-10,Liguria,1076,151,1227,2074,3301,48,171,1181,709,5191,19514,0.0,1068,0.0,27
2020-04-11,Liguria,1003,146,1149,2184,3333,32,185,1309,734,5376,20888,0.0,1374,0.0,25
2020-04-12,Liguria,1032,144,1176,2157,3333,0,118,1412,749,5494,21983,0.0,1095,0.0,15
2020-04-13,Liguria,1088,138,1226,2139,3365,32,102,1471,760,5596,23129,0.0,1146,0.0,11
2020-04-14,Liguria,967,133,1100,2366,3466,101,212,1549,793,5808,24446,0.0,1317,0.0,33
2020-04-15,Liguria,959,120,1079,2385,3464,-2,128,1665,807,5936,25793,0.0,1347,0.0,14
2020-04-16,Liguria,957,103,1060,2377,3437,-27,103,1774,828,6039,26945,0.0,1152,0.0,21
2020-04-17,Liguria,897,105,1002,2457,3459,22,149,1863,866,6188,28181,0.0,1236,0.0,38
2020-04-18,Liguria,901,105,1006,2406,3412,-47,113,1992,897,6301,29322,0.0,1141,0.0,31
2020-04-19,Liguria,885,101,986,2504,3490,78,227,2110,928,6528,31551,21103.0,2229,21103.0,31
2020-04-20,Liguria,878,102,980,2516,3496,6,141,2216,957,6669,33007,21979.0,1456,876.0,29
2020-04-21,Liguria,914,94,1008,2455,3463,-33,95,2311,990,6764,34186,22670.0,1179,691.0,33
2020-04-22,Liguria,860,92,952,2524,3476,13,154,2420,1022,6918,35990,23756.0,1804,1086.0,32
2020-04-23,Liguria,783,91,874,2592,3466,-10,131,2536,1047,7049,37842,25045.0,1852,1289.0,25
2020-04-24,Liguria,760,87,847,2590,3437,-29,124,2660,1076,7173,39563,26040.0,1721,995.0,29
2020-04-25,Liguria,759,83,842,2591,3433,-4,128,2775,1093,7301,41125,26898.0,1562,858.0,17
2020-04-26,Liguria,748,82,830,2650,3480,47,187,2894,1114,7488,42607,27852.0,1482,954.0,21
2020-04-27,Liguria,754,83,837,2743,3580,100,154,2934,1128,7642,44039,28739.0,1432,887.0,14
2020-04-28,Liguria,718,81,799,2772,3571,-9,130,3060,1141,7772,45719,29794.0,1680,1055.0,13
2020-04-29,Liguria,697,70,767,2809,3576,5,117,3161,1152,7889,47220,30669.0,1501,875.0,11
2020-04-30,Liguria,676,69,745,2806,3551,-25,104,3275,1167,7993,48762,31520.0,1542,851.0,15
2020-05-01,Liguria,666,68,734,2784,3518,-33,133,3424,1184,8126,51199,32794.0,2437,1274.0,17
2020-05-02,Liguria,647,68,715,2883,3598,80,186,3519,1195,8312,53202,34037.0,2003,1243.0,11
2020-05-03,Liguria,627,68,695,2856,3551,-47,47,3599,1209,8359,54492,34613.0,1290,576.0,14
2020-05-04,Liguria,606,72,678,2830,3508,-43,53,3683,1221,8412,56092,35443.0,1600,830.0,12
2020-05-05,Liguria,583,68,651,2776,3427,-81,63,3816,1232,8475,57622,36150.0,1530,707.0,11
2020-05-06,Liguria,548,59,607,2699,3306,-121,76,4002,1243,8551,59693,37177.0,2071,1027.0,11
2020-05-07,Liguria,525,57,582,2666,3248,-58,94,4143,1254,8645,61446,38071.0,1753,894.0,11
2020-05-08,Liguria,517,46,563,2613,3176,-72,78,4282,1265,8723,63531,39145.0,2085,1074.0,11
2020-05-09,Liguria,501,42,543,2439,2982,-194,15,4480,1276,8738,64926,39600.0,1395,455.0,11
