data,denominazione_regione,ricoverati_con_sintomi,terapia_intensiva,totale_ospedalizzati,isolamento_domiciliare,totale_positivi,variazione_totale_positivi,nuovi_positivi,dimessi_guariti,deceduti,totale_casi,tamponi,casi_testati,nuovi_tamponi,nuovi_casi_testati,nuovi_deceduti
2020-02-24,Lazio,1,1,2,0,2,0,2,1,0,3,124,0.0,124,0.0,0
2020-02-25,Lazio,1,1,2,0,2,0,0,1,0,3,124,0.0,0,0.0,0
2020-02-26,Lazio,0,0,0,0,0,-2,0,3,0,3,124,0.0,0,0.0,0
2020-02-27,Lazio,0,0,0,0,0,0,0,3,0,3,552,0.0,428,0.0,0
2020-02-28,Lazio,0,0,0,0,0,0,0,3,0,3,611,0.0,59,0.0,0
2020-02-29,Lazio,3,0,3,0,3,3,3,3,0,6,679,0.0,68,0.0,0
2020-03-01,Lazio,3,0,3,0,3,0,0,3,0,6,724,0.0,45,0.0,0
2020-03-02,Lazio,3,0,3,1,4,1,1,3,0,7,773,0.0,49,0.0,0
2020-03-03,Lazio,10,0,10,1,11,7,7,3,0,14,877,0.0,104,0.0,0
2020-03-04,Lazio,15,3,18,9,27,16,16,3,0,30,995,0.0,118,0.0,0
2020-03-05,Lazio,20,7,27,14,41,14,14,3,0,44,1175,0.0,180,0.0,0
2020-03-06,Lazio,26,8,34,16,50,9,10,3,1,54,1373,0.0,198,0.0,1
2020-03-07,Lazio,43,8,51,21,72,22,22,3,1,76,1582,0.0,209,0.0,0
2020-03-08,Lazio,47,8,55,26,81,9,11,3,3,87,1929,0.0,347,0.0,2
2020-03-09,Lazio,55,8,63,31,94,13,15,3,5,102,1929,0.0,0,0.0,2
2020-03-10,Lazio,50,15,65,34,99,5,14,11,6,116,3591,0.0,1662,0.0,1
2020-03-11,Lazio,67,18,85,40,125,26,34,19,6,150,3591,0.0,0,0.0,0
2020-03-12,Lazio,85,20,105,67,172,47,50,19,9,200,5592,0.0,2001,0.0,3
2020-03-13,Lazio,122,24,146,96,242,70,77,24,11,277,6491,0.0,899,0.0,2
2020-03-14,Lazio,181,25,206,114,320,78,80,24,13,357,7335,0.0,844,0.0,2
2020-03-15,Lazio,223,31,254,142,396,76,79,24,16,436,8345,0.0,1010,0.0,3
2020-03-16,Lazio,267,31,298,174,472,76,87,32,19,523,9330,0.0,985,0.0,3
2020-03-17,Lazio,314,44,358,192,550,78,84,34,23,607,9436,0.0,106,0.0,4
2020-03-18,Lazio,374,44,418,232,650,100,117,42,32,724,11145,0.0,1709,0.0,9
2020-03-19,Lazio,426,45,471,270,741,91,99,44,38,823,11145,0.0,0,0.0,6
2020-03-20,Lazio,537,47,584,328,912,171,185,53,43,1008,13889,0.0,2744,0.0,5
2020-03-21,Lazio,591,70,661,425,1086,174,182,54,50,1190,13889,0.0,0,0.0,7
2020-03-22,Lazio,671,79,750,522,1272,186,193,58,53,1383,17845,0.0,3956,0.0,3
2020-03-23,Lazio,718,96,814,600,1414,142,157,63,63,1540,18371,0.0,526,0.0,10
2020-03-24,Lazio,747,94,841,704,1545,131,188,103,80,1728,18371,0.0,0,0.0,17
2020-03-25,Lazio,805,101,906,769,1675,130,173,131,95,1901,20669,0.0,2298,0.0,15
2020-03-26,Lazio,878,113,991,844,1835,160,195,155,106,2096,22771,0.0,2102,0.0,11
2020-03-27,Lazio,992,126,1118,895,2013,178,199,164,118,2295,24106,0.0,1335,0.0,12
2020-03-28,Lazio,985,133,1118,1063,2181,168,210,200,124,2505,27179,0.0,3073,0.0,6
2020-03-29,Lazio,1062,133,1195,1167,2362,181,201,208,136,2706,27744,0.0,565,0.0,12
2020-03-30,Lazio,1079,154,1233,1264,2497,135,208,267,150,2914,32846,0.0,5102,0.0,14
2020-03-31,Lazio,1127,173,1300,1342,2642,145,181,291,162,3095,34677,0.0,1831,0.0,12
2020-04-01,Lazio,1131,177,1308,1450,2758,116,169,337,169,3264,35810,0.0,1133,0.0,7
2020-04-02,Lazio,1169,181,1350,1529,2879,121,169,369,185,3433,41575,0.0,5765,0.0,16
2020-04-03,Lazio,1194,188,1382,1627,3009,130,167,392,199,3600,43776,0.0,2201,0.0,14
2020-04-04,Lazio,1236,193,1429,1677,3106,97,157,439,212,3757,44624,0.0,848,0.0,13
2020-04-05,Lazio,1235,197,1432,1754,3186,80,123,475,219,3880,44658,0.0,34,0.0,7
2020-04-06,Lazio,1235,197,1432,1868,3300,114,151,502,229,4031,47470,0.0,2812,0.0,10
2020-04-07,Lazio,1229,192,1421,1944,3365,65,118,546,238,4149,48874,0.0,1404,0.0,9
2020-04-08,Lazio,1241,196,1437,2011,3448,83,117,574,244,4266,55113,0.0,6239,0.0,6
2020-04-09,Lazio,1244,198,1442,2090,3532,84,163,644,253,4429,58107,0.0,2994,0.0,9
2020-04-10,Lazio,1236,201,1437,2196,3633,101,154,687,263,4583,61769,0.0,3662,0.0,10
2020-04-11,Lazio,1264,203,1467,2263,3730,97,140,720,273,4723,65241,0.0,3472,0.0,10
2020-04-12,Lazio,1268,201,1469,2348,3817,87,122,749,279,4845,68954,0.0,3713,0.0,6
2020-04-13,Lazio,1314,200,1514,2406,3920,103,123,764,284,4968,72746,0.0,3792,0.0,5
2020-04-14,Lazio,1344,199,1543,2479,4022,102,143,789,300,5111,74650,0.0,1904,0.0,16
2020-04-15,Lazio,1342,196,1538,2509,4047,25,121,874,311,5232,75584,0.0,934,0.0,11
2020-04-16,Lazio,1347,197,1544,2600,4144,97,148,920,316,5380,81993,0.0,6409,0.0,5
2020-04-17,Lazio,1332,187,1519,2695,4214,70,144,978,332,5524,84755,0.0,2762,0.0,16
2020-04-18,Lazio,1376,186,1562,2720,4282,68,144,1046,340,5668,89553,0.0,4798,0.0,8
2020-04-19,Lazio,1370,185,1555,2766,4321,39,87,1093,341,5755,91807,22702.0,2254,22702.0,1
2020-04-20,Lazio,1388,185,1573,2792,4365,44,60,1101,349,5815,97823,23067.0,6016,365.0,8
2020-04-21,Lazio,1380,184,1564,2838,4402,37,80,1130,363,5895,100031,24046.0,2208,979.0,14
2020-04-22,Lazio,1384,187,1571,2892,4463,61,80,1142,370,5975,104062,25244.0,4031,1198.0,7
2020-04-23,Lazio,1385,186,1571,2915,4486,23,79,1193,375,6054,111073,26298.0,7011,1054.0,5
2020-04-24,Lazio,1396,184,1580,2912,4492,6,78,1256,384,6132,114317,86545.0,3244,60247.0,9
2020-04-25,Lazio,1421,183,1604,2957,4561,69,92,1276,387,6224,118354,90582.0,4037,4037.0,3
2020-04-26,Lazio,1442,161,1603,2970,4573,12,85,1347,389,6309,121677,93811.0,3323,3229.0,2
2020-04-27,Lazio,1464,143,1607,2955,4562,-11,83,1433,397,6392,124769,95719.0,3092,1908.0,8
2020-04-28,Lazio,1468,132,1600,2962,4562,0,75,1491,414,6467,128664,98968.0,3895,3249.0,17
2020-04-29,Lazio,1445,130,1575,2960,4535,-27,78,1579,431,6545,133503,103435.0,4839,4467.0,17
2020-04-30,Lazio,1417,115,1532,2936,4468,-67,71,1707,441,6616,137596,107497.0,4093,4062.0,10
2020-05-01,Lazio,1372,105,1477,2969,4446,-22,56,1744,482,6672,143804,111988.0,6208,4491.0,41
2020-05-02,Lazio,1370,96,1466,2986,4452,6,84,1807,497,6756,147078,114761.0,3274,2773.0,15
2020-05-03,Lazio,1346,95,1441,2944,4385,-67,53,1916,508,6809,150912,117796.0,3834,3035.0,11
2020-05-04,Lazio,1335,95,1430,2955,4385,0,38,1938,524,6847,153293,120095.0,2381,2299.0,16
2020-05-05,Lazio,1315,91,1406,2964,4370,-15,67,2010,534,6914,157307,122541.0,4014,2446.0,10
2020-05-06,Lazio,1351,91,1442,2991,4433,63,81,2024,538,6995,160894,125897.0,3587,3356.0,4
2020-05-07,Lazio,1291,89,1380,2968,4348,-85,39,2143,543,7034,165340,130351.0,4446,4454.0,5
2020-05-08,Lazio,1278,84,1362,2966,4328,-20,52,2209,549,7086,169499,133674.0,4159,3323.0,6
2020-05-09,Lazio,1277,82,1359,2986,4345,17,47,2235,553,7133,174448,137428.0,4949,3754.0,4
