data,denominazione_regione,ricoverati_con_sintomi,terapia_intensiva,totale_ospedalizzati,isolamento_domiciliare,totale_positivi,variazione_totale_positivi,nuovi_positivi,dimessi_guariti,deceduti,totale_casi,tamponi,casi_testati,nuovi_tamponi,nuovi_casi_testati,nuovi_deceduti
2020-02-24,Marche,0,0,0,0,0,0,0,0,0,0,16,0.0,16,0.0,0
2020-02-25,Marche,0,0,0,0,0,0,0,0,0,0,21,0.0,5,0.0,0
2020-02-26,Marche,1,0,1,0,1,1,1,0,0,1,28,0.0,7,0.0,0
2020-02-27,Marche,2,1,3,0,3,2,2,0,0,3,46,0.0,18,0.0,0
2020-02-28,Marche,3,2,5,1,6,3,3,0,0,6,47,0.0,1,0.0,0
2020-02-29,Marche,6,2,8,3,11,5,5,0,0,11,68,0.0,21,0.0,0
2020-03-01,Marche,12,5,17,8,25,14,14,0,0,25,101,0.0,33,0.0,0
2020-03-02,Marche,17,6,23,11,34,9,10,0,1,35,137,0.0,36,0.0,1
2020-03-03,Marche,27,13,40,19,59,25,26,0,2,61,200,0.0,63,0.0,1
2020-03-04,Marche,34,15,49,31,80,21,23,0,4,84,288,0.0,88,0.0,2
2020-03-05,Marche,57,19,76,44,120,40,40,0,4,124,413,0.0,125,0.0,0
2020-03-06,Marche,73,20,93,62,155,35,35,0,4,159,585,0.0,172,0.0,0
2020-03-07,Marche,94,36,130,71,201,46,48,0,6,207,816,0.0,231,0.0,2
2020-03-08,Marche,110,41,151,114,265,64,65,0,7,272,1025,0.0,209,0.0,1
2020-03-09,Marche,136,47,183,130,313,48,51,0,10,323,1250,0.0,225,0.0,3
2020-03-10,Marche,152,54,206,175,381,68,71,0,13,394,1437,0.0,187,0.0,3
2020-03-11,Marche,212,66,278,183,461,80,85,0,18,479,1656,0.0,219,0.0,5
2020-03-12,Marche,254,76,330,240,570,109,113,0,22,592,1907,0.0,251,0.0,4
2020-03-13,Marche,337,85,422,276,698,128,133,0,27,725,2218,0.0,311,0.0,5
2020-03-14,Marche,449,93,542,321,863,165,174,0,36,899,2561,0.0,343,0.0,9
2020-03-15,Marche,521,98,619,468,1087,224,234,0,46,1133,2946,0.0,385,0.0,10
2020-03-16,Marche,528,110,638,547,1185,98,109,0,57,1242,3225,0.0,279,0.0,11
2020-03-17,Marche,599,109,708,594,1302,117,129,0,69,1371,3225,0.0,0,0.0,12
2020-03-18,Marche,638,119,757,719,1476,174,197,0,92,1568,4109,0.0,884,0.0,23
2020-03-19,Marche,656,141,797,825,1622,146,169,0,115,1737,4512,0.0,403,0.0,23
2020-03-20,Marche,704,138,842,1002,1844,222,244,0,137,1981,5170,0.0,658,0.0,22
2020-03-21,Marche,742,141,883,1114,1997,153,172,2,154,2153,5740,0.0,570,0.0,17
2020-03-22,Marche,816,138,954,1277,2231,234,268,6,184,2421,6391,0.0,651,0.0,30
2020-03-23,Marche,882,148,1030,1328,2358,127,148,8,203,2569,6782,0.0,391,0.0,19
2020-03-24,Marche,862,149,1011,1486,2497,139,167,8,231,2736,7229,0.0,447,0.0,28
2020-03-25,Marche,938,148,1086,1553,2639,142,198,8,287,2934,7896,0.0,667,0.0,56
2020-03-26,Marche,977,166,1143,1652,2795,156,180,9,310,3114,8623,0.0,727,0.0,23
2020-03-27,Marche,979,162,1141,1709,2850,55,82,10,336,3196,9060,0.0,437,0.0,26
2020-03-28,Marche,987,166,1153,1846,2999,149,177,10,364,3373,9884,0.0,824,0.0,28
2020-03-29,Marche,1000,168,1168,1992,3160,161,185,12,386,3558,10431,0.0,547,0.0,22
2020-03-30,Marche,998,167,1165,2086,3251,91,126,16,417,3684,10979,0.0,548,0.0,31
2020-03-31,Marche,946,169,1115,2237,3352,101,141,21,452,3825,11724,0.0,745,0.0,35
2020-04-01,Marche,984,168,1152,2304,3456,104,137,29,477,3962,12296,0.0,572,0.0,25
2020-04-02,Marche,986,164,1150,2405,3555,99,136,40,503,4098,12943,0.0,647,0.0,26
2020-04-03,Marche,982,158,1140,2491,3631,76,132,42,557,4230,13678,0.0,735,0.0,54
2020-04-04,Marche,997,153,1150,2347,3497,-134,111,270,574,4341,14472,0.0,794,0.0,17
2020-04-05,Marche,987,151,1138,2440,3578,81,123,287,599,4464,15252,0.0,780,0.0,25
2020-04-06,Marche,1001,140,1141,2565,3706,128,150,296,612,4614,15919,0.0,667,0.0,13
2020-04-07,Marche,962,139,1101,2637,3738,32,96,342,630,4710,16619,0.0,700,0.0,18
2020-04-08,Marche,974,133,1107,2455,3562,-176,149,645,652,4859,17532,0.0,913,0.0,22
2020-04-09,Marche,945,133,1078,2323,3401,-161,96,885,669,4955,18194,0.0,662,0.0,17
2020-04-10,Marche,925,127,1052,2264,3316,-85,129,1086,682,5084,18970,0.0,776,0.0,13
2020-04-11,Marche,960,118,1078,2153,3231,-85,127,1291,689,5211,20060,0.0,1090,0.0,7
2020-04-12,Marche,949,114,1063,2051,3114,-117,92,1489,700,5303,21057,0.0,997,0.0,11
2020-04-13,Marche,959,108,1067,2013,3080,-34,78,1588,713,5381,28379,0.0,7322,0.0,13
2020-04-14,Marche,937,106,1043,2052,3095,15,45,1603,728,5426,29160,0.0,781,0.0,15
2020-04-15,Marche,888,106,994,2103,3097,2,77,1660,746,5503,30329,0.0,1169,0.0,18
2020-04-16,Marche,850,102,952,2172,3124,27,79,1694,764,5582,33778,0.0,3449,0.0,18
2020-04-17,Marche,839,94,933,2224,3157,33,86,1726,785,5668,37997,0.0,4219,0.0,21
2020-04-18,Marche,804,88,892,2280,3172,15,53,1754,795,5721,39909,0.0,1912,0.0,10
2020-04-19,Marche,799,86,885,2297,3182,10,48,1780,807,5769,41474,27099.0,1565,27099.0,12
2020-04-20,Marche,792,80,872,2340,3212,30,57,1792,822,5826,42782,28006.0,1308,907.0,15
2020-04-21,Marche,784,78,862,2356,3218,6,51,1825,834,5877,44332,29090.0,1550,1084.0,12
2020-04-22,Marche,735,76,811,2419,3230,12,47,1849,845,5924,46492,30543.0,2160,1453.0,11
2020-04-23,Marche,727,71,798,2432,3230,0,28,1865,857,5952,47662,31673.0,1170,1130.0,12
2020-04-24,Marche,705,61,766,2507,3273,43,76,1890,865,6028,49163,33113.0,1501,1440.0,8
2020-04-25,Marche,689,58,747,2525,3272,-1,30,1912,874,6058,50996,34256.0,1833,1143.0,9
2020-04-26,Marche,668,58,726,2582,3308,36,53,1924,879,6111,52063,35107.0,1067,851.0,5
2020-04-27,Marche,667,58,725,2585,3310,2,16,1933,884,6127,52765,35617.0,702,510.0,5
2020-04-28,Marche,666,58,724,2610,3334,24,48,1948,893,6175,54313,36650.0,1548,1033.0,9
2020-04-29,Marche,640,52,692,2655,3347,13,35,1964,899,6210,55905,37877.0,1592,1227.0,6
2020-04-30,Marche,465,48,513,2697,3210,-137,37,2131,906,6247,59488,39145.0,3583,1268.0,7
2020-05-01,Marche,413,44,457,2754,3211,1,28,2153,911,6275,61241,40123.0,1753,978.0,5
2020-05-02,Marche,399,46,445,2760,3205,-6,23,2177,916,6298,62834,41156.0,1593,1033.0,5
2020-05-03,Marche,400,43,443,2755,3198,-7,21,2194,927,6319,64412,42281.0,1578,1125.0,11
2020-05-04,Marche,389,44,433,2773,3206,8,44,2225,932,6363,65398,42838.0,986,557.0,5
2020-05-05,Marche,387,42,429,2790,3219,13,29,2237,936,6392,67256,44045.0,1858,1207.0,4
2020-05-06,Marche,353,42,395,2841,3236,17,29,2242,943,6421,69037,45026.0,1781,981.0,7
2020-05-07,Marche,328,41,369,2878,3247,11,31,2257,948,6452,71017,46258.0,1980,1232.0,5
2020-05-08,Marche,303,38,341,2897,3238,-9,18,2278,954,6470,72504,47092.0,1487,834.0,6
2020-05-09,Marche,285,32,317,2913,3230,-8,23,2305,958,6493,73965,47827.0,1461,735.0,4
