data,denominazione_regione,ricoverati_con_sintomi,terapia_intensiva,totale_ospedalizzati,isolamento_domiciliare,totale_positivi,variazione_totale_positivi,nuovi_positivi,dimessi_guariti,deceduti,totale_casi,tamponi,casi_testati,nuovi_tamponi,nuovi_casi_testati,nuovi_deceduti
2020-02-24,Piemonte,2,0,2,1,3,0,3,0,0,3,141,0.0,141,0.0,0
2020-02-25,Piemonte,2,0,2,1,3,0,0,0,0,3,141,0.0,0,0.0,0
2020-02-26,Piemonte,2,0,2,1,3,0,0,0,0,3,156,0.0,15,0.0,0
2020-02-27,Piemonte,2,0,2,0,2,-1,-1,0,0,2,156,0.0,0,0.0,0
2020-02-28,Piemonte,7,0,7,4,11,9,9,0,0,11,227,0.0,71,0.0,0
2020-02-29,Piemonte,7,0,7,4,11,0,0,0,0,11,308,0.0,81,0.0,0
2020-03-01,Piemonte,11,2,13,36,49,38,38,0,0,49,362,0.0,54,0.0,0
2020-03-02,Piemonte,12,2,14,37,51,2,2,0,0,51,434,0.0,72,0.0,0
2020-03-03,Piemonte,13,3,16,40,56,5,5,0,0,56,458,0.0,24,0.0,0
2020-03-04,Piemonte,26,13,39,43,82,26,26,0,0,82,543,0.0,85,0.0,0
2020-03-05,Piemonte,43,17,60,46,106,24,26,0,2,108,543,0.0,0,0.0,2
2020-03-06,Piemonte,57,30,87,52,139,33,35,0,4,143,793,0.0,250,0.0,2
2020-03-07,Piemonte,110,38,148,54,202,63,64,0,5,207,1046,0.0,253,0.0,1
2020-03-08,Piemonte,245,45,290,65,355,153,153,0,5,360,1636,0.0,590,0.0,0
2020-03-09,Piemonte,222,50,272,65,337,-18,-10,0,13,350,1681,0.0,45,0.0,8
2020-03-10,Piemonte,306,66,372,64,436,99,103,0,17,453,2374,0.0,693,0.0,4
2020-03-11,Piemonte,319,75,394,86,480,44,48,0,21,501,2431,0.0,57,0.0,4
2020-03-12,Piemonte,368,97,465,89,554,74,79,0,26,580,2879,0.0,448,0.0,5
2020-03-13,Piemonte,556,135,691,103,794,240,260,0,46,840,3105,0.0,226,0.0,20
2020-03-14,Piemonte,538,150,688,126,814,20,33,0,59,873,3680,0.0,575,0.0,13
2020-03-15,Piemonte,726,171,897,133,1030,216,238,0,81,1111,4375,0.0,695,0.0,22
2020-03-16,Piemonte,1045,186,1231,174,1405,375,405,0,111,1516,5588,0.0,1213,0.0,30
2020-03-17,Piemonte,1378,206,1584,180,1764,359,381,0,133,1897,6543,0.0,955,0.0,22
2020-03-18,Piemonte,1780,227,2007,180,2187,423,444,0,154,2341,7516,0.0,973,0.0,21
2020-03-19,Piemonte,2279,257,2536,218,2754,567,591,3,175,2932,8853,0.0,1337,0.0,21
2020-03-20,Piemonte,1541,280,1821,1423,3244,490,529,8,209,3461,9975,0.0,1122,0.0,34
2020-03-21,Piemonte,1976,301,2277,1229,3506,262,291,8,238,3752,10701,0.0,726,0.0,29
2020-03-22,Piemonte,2118,308,2426,1701,4127,621,668,10,283,4420,12701,0.0,2000,0.0,45
2020-03-23,Piemonte,2194,343,2537,1992,4529,402,441,17,315,4861,13560,0.0,859,0.0,32
2020-03-24,Piemonte,2404,360,2764,2360,5124,595,654,17,374,5515,15469,0.0,1909,0.0,59
2020-03-25,Piemonte,2544,381,2925,2631,5556,432,509,19,449,6024,16655,0.0,1186,0.0,75
2020-03-26,Piemonte,2633,408,3041,2909,5950,394,510,135,449,6534,18054,0.0,1399,0.0,0
2020-03-27,Piemonte,2852,431,3283,3064,6347,397,558,176,569,7092,19705,0.0,1651,0.0,120
2020-03-28,Piemonte,3094,439,3533,3318,6851,504,579,203,617,7671,21511,0.0,1806,0.0,48
2020-03-29,Piemonte,2985,443,3428,3840,7268,417,535,254,684,8206,24058,0.0,2547,0.0,67
2020-03-30,Piemonte,2985,452,3437,4218,7655,387,506,308,749,8712,25478,0.0,1420,0.0,65
2020-03-31,Piemonte,3174,452,3626,4456,8082,427,589,365,854,9301,27658,0.0,2180,0.0,105
2020-04-01,Piemonte,3146,453,3599,4871,8470,388,494,439,886,9795,30060,0.0,2402,0.0,32
2020-04-02,Piemonte,3341,453,3794,5005,8799,329,558,571,983,10353,32100,0.0,2040,0.0,97
2020-04-03,Piemonte,3300,452,3752,5378,9130,331,543,723,1043,10896,34281,0.0,2181,0.0,60
2020-04-04,Piemonte,3441,450,3891,5802,9693,563,813,888,1128,11709,37181,0.0,2900,0.0,85
2020-04-05,Piemonte,3472,444,3916,6261,10177,484,653,1017,1168,12362,38539,0.0,1358,0.0,40
2020-04-06,Piemonte,3484,438,3922,6623,10545,368,562,1128,1251,12924,41123,0.0,2584,0.0,83
2020-04-07,Piemonte,3553,432,3985,6719,10704,159,419,1320,1319,13343,44121,0.0,2998,0.0,68
2020-04-08,Piemonte,3493,423,3916,7073,10989,285,540,1516,1378,13883,48495,0.0,4374,0.0,59
2020-04-09,Piemonte,3514,412,3926,7410,11336,347,639,1732,1454,14522,52807,0.0,4312,0.0,76
2020-04-10,Piemonte,3497,394,3891,7685,11576,240,490,1904,1532,15012,57457,0.0,4650,0.0,78
2020-04-11,Piemonte,3435,384,3819,8351,12170,594,996,2205,1633,16008,62577,0.0,5120,0.0,101
2020-04-12,Piemonte,3429,381,3810,8695,12505,335,652,2426,1729,16660,66555,0.0,3978,0.0,96
2020-04-13,Piemonte,3344,379,3723,9042,12765,260,474,2543,1826,17134,69170,0.0,2615,0.0,97
2020-04-14,Piemonte,3395,367,3762,9293,13055,290,556,2708,1927,17690,71678,0.0,2508,0.0,101
2020-04-15,Piemonte,3338,366,3704,9491,13195,140,539,3019,2015,18229,75664,0.0,3986,0.0,88
2020-04-16,Piemonte,3418,346,3764,10019,13783,588,879,3231,2094,19108,80708,0.0,5044,0.0,79
2020-04-17,Piemonte,3266,333,3599,10399,13998,215,695,3634,2171,19803,86714,0.0,6006,0.0,77
2020-04-18,Piemonte,3271,323,3594,10629,14223,225,661,3989,2252,20464,91844,0.0,5130,0.0,81
2020-04-19,Piemonte,3201,305,3506,10964,14470,247,593,4256,2331,21057,96569,71644.0,4725,71644.0,79
2020-04-20,Piemonte,3299,301,3600,10957,14557,87,292,4383,2409,21349,99669,73192.0,3100,1548.0,78
2020-04-21,Piemonte,3116,293,3409,11402,14811,254,606,4659,2485,21955,105434,76406.0,5765,3214.0,76
2020-04-22,Piemonte,3213,273,3486,11636,15122,311,784,5058,2559,22739,111513,81176.0,6079,4770.0,74
2020-04-23,Piemonte,3039,261,3300,11852,15152,30,401,5358,2630,23140,117970,84648.0,6457,3472.0,71
2020-04-24,Piemonte,2918,257,3175,12216,15391,239,682,5732,2699,23822,125300,89392.0,7330,4744.0,69
2020-04-25,Piemonte,2937,238,3175,12327,15502,111,604,6157,2767,24426,131107,93325.0,5807,3933.0,68
2020-04-26,Piemonte,2866,214,3080,12439,15519,17,394,6478,2823,24820,135142,96977.0,4035,3652.0,56
2020-04-27,Piemonte,2830,214,3044,12464,15508,-11,278,6712,2878,25098,139348,99144.0,4206,2167.0,55
2020-04-28,Piemonte,2701,202,2903,12603,15506,-2,352,7008,2936,25450,144531,102514.0,5183,3370.0,58
2020-04-29,Piemonte,2637,202,2839,12682,15521,15,411,7337,3003,25861,151266,106179.0,6735,3665.0,67
2020-04-30,Piemonte,2621,199,2820,12673,15493,-28,428,7730,3066,26289,156534,110157.0,5268,3978.0,63
2020-05-01,Piemonte,2503,181,2684,12878,15562,69,395,8025,3097,26684,162568,114786.0,6034,4629.0,31
2020-05-02,Piemonte,2550,178,2728,12991,15719,157,495,8334,3126,27179,168479,118814.0,5911,4028.0,29
2020-05-03,Piemonte,2496,169,2665,12973,15638,-81,251,8640,3152,27430,172208,121176.0,3729,2362.0,26
2020-05-04,Piemonte,2391,161,2552,13010,15562,-76,192,8874,3186,27622,176078,123801.0,3870,2625.0,34
2020-05-05,Piemonte,2307,155,2462,12861,15323,-239,152,9235,3216,27774,181316,126685.0,5238,2884.0,30
2020-05-06,Piemonte,2147,150,2297,12561,14858,-465,165,9834,3247,27939,188057,131269.0,6741,4584.0,31
2020-05-07,Piemonte,2147,150,2297,12172,14469,-389,196,10384,3282,28135,194584,134567.0,6527,3298.0,35
2020-05-08,Piemonte,2013,140,2153,11954,14107,-362,233,10956,3305,28368,201183,138830.0,6599,4263.0,23
2020-05-09,Piemonte,2010,143,2153,11781,13934,-173,181,11284,3331,28549,205800,141515.0,4617,2685.0,26
