data,denominazione_regione,ricoverati_con_sintomi,terapia_intensiva,totale_ospedalizzati,isolamento_domiciliare,totale_positivi,variazione_totale_positivi,nuovi_positivi,dimessi_guariti,deceduti,totale_casi,tamponi,casi_testati,nuovi_tamponi,nuovi_casi_testati,nuovi_deceduti
2020-02-24,Toscana,0,0,0,0,0,0,0,0,0,0,140,0.0,140,0.0,0
2020-02-25,Toscana,2,0,2,0,2,2,2,0,0,2,296,0.0,156,0.0,0
2020-02-26,Toscana,2,0,2,0,2,0,0,0,0,2,363,0.0,67,0.0,0
2020-02-27,Toscana,2,0,2,0,2,0,0,0,0,2,410,0.0,47,0.0,0
2020-02-28,Toscana,5,0,5,2,7,5,6,1,0,8,437,0.0,27,0.0,0
2020-02-29,Toscana,7,0,7,3,10,3,3,1,0,11,531,0.0,94,0.0,0
2020-03-01,Toscana,7,0,7,5,12,2,2,1,0,13,572,0.0,41,0.0,0
2020-03-02,Toscana,7,0,7,5,12,0,0,1,0,13,613,0.0,41,0.0,0
2020-03-03,Toscana,10,0,10,8,18,6,6,1,0,19,697,0.0,84,0.0,0
2020-03-04,Toscana,15,2,17,20,37,19,19,1,0,38,776,0.0,79,0.0,0
2020-03-05,Toscana,26,3,29,31,60,23,23,1,0,61,776,0.0,0,0.0,0
2020-03-06,Toscana,35,5,40,38,78,18,18,1,0,79,1097,0.0,321,0.0,0
2020-03-07,Toscana,54,7,61,51,112,34,34,1,0,113,1331,0.0,234,0.0,0
2020-03-08,Toscana,91,7,98,67,165,53,53,1,0,166,1618,0.0,287,0.0,0
2020-03-09,Toscana,107,9,116,90,206,41,42,1,1,208,2018,0.0,400,0.0,1
2020-03-10,Toscana,91,40,131,129,260,54,56,3,1,264,2573,0.0,555,0.0,0
2020-03-11,Toscana,87,54,141,173,314,54,56,5,1,320,2804,0.0,231,0.0,0
2020-03-12,Toscana,100,59,159,193,352,38,44,7,5,364,3165,0.0,361,0.0,4
2020-03-13,Toscana,134,77,211,244,455,103,106,10,5,470,4049,0.0,884,0.0,0
2020-03-14,Toscana,160,87,247,367,614,159,160,10,6,630,4595,0.0,546,0.0,1
2020-03-15,Toscana,175,107,282,481,763,149,151,10,8,781,5132,0.0,537,0.0,2
2020-03-16,Toscana,175,107,282,559,841,78,85,11,14,866,5910,0.0,778,0.0,6
2020-03-17,Toscana,329,143,472,552,1024,183,187,12,17,1053,6727,0.0,817,0.0,3
2020-03-18,Toscana,427,160,587,704,1291,267,277,17,22,1330,7606,0.0,879,0.0,5
2020-03-19,Toscana,501,178,679,743,1422,131,152,22,38,1482,8873,0.0,1267,0.0,16
2020-03-20,Toscana,601,189,790,923,1713,291,311,33,47,1793,10405,0.0,1532,0.0,9
2020-03-21,Toscana,664,202,866,1039,1905,192,219,35,72,2012,11909,0.0,1504,0.0,25
2020-03-22,Toscana,706,215,921,1223,2144,239,265,42,91,2277,13264,0.0,1355,0.0,19
2020-03-23,Toscana,838,238,1076,1225,2301,157,184,51,109,2461,13851,0.0,587,0.0,18
2020-03-24,Toscana,918,244,1162,1357,2519,218,238,51,129,2699,15701,0.0,1850,0.0,20
2020-03-25,Toscana,999,251,1250,1526,2776,257,273,54,142,2972,17868,0.0,2167,0.0,13
2020-03-26,Toscana,1037,259,1296,1677,2973,197,254,95,158,3226,20952,0.0,3084,0.0,16
2020-03-27,Toscana,1053,274,1327,1843,3170,197,224,103,177,3450,23746,0.0,2794,0.0,19
2020-03-28,Toscana,1093,277,1370,2141,3511,341,367,108,198,3817,25613,0.0,1867,0.0,21
2020-03-29,Toscana,1111,275,1386,2400,3786,275,305,121,215,4122,27579,0.0,1966,0.0,17
2020-03-30,Toscana,1116,279,1395,2655,4050,264,290,131,231,4412,30099,0.0,2520,0.0,16
2020-03-31,Toscana,1120,293,1413,2813,4226,176,196,138,244,4608,33165,0.0,3066,0.0,13
2020-04-01,Toscana,1120,297,1417,3015,4432,206,259,182,253,4867,36575,0.0,3410,0.0,9
2020-04-02,Toscana,1135,295,1430,3359,4789,357,406,216,268,5273,40724,0.0,4149,0.0,15
2020-04-03,Toscana,1149,288,1437,3472,4909,120,226,300,290,5499,44460,0.0,3736,0.0,22
2020-04-04,Toscana,1129,286,1415,3639,5054,145,172,310,307,5671,47886,0.0,3426,0.0,17
2020-04-05,Toscana,1111,276,1387,3798,5185,131,176,337,325,5847,51006,0.0,3120,0.0,18
2020-04-06,Toscana,1116,279,1395,3906,5301,116,154,350,350,6001,52849,0.0,1843,0.0,25
2020-04-07,Toscana,1087,263,1350,4077,5427,126,172,377,369,6173,56651,0.0,3802,0.0,19
2020-04-08,Toscana,1066,260,1326,4231,5557,130,206,430,392,6379,60985,0.0,4334,0.0,23
2020-04-09,Toscana,1038,256,1294,4409,5703,146,173,441,408,6552,65461,0.0,4476,0.0,16
2020-04-10,Toscana,1011,256,1267,4555,5822,119,175,451,454,6727,72001,0.0,6540,0.0,46
2020-04-11,Toscana,997,237,1234,4758,5992,170,231,499,467,6958,75756,0.0,3755,0.0,13
2020-04-12,Toscana,983,238,1221,4941,6162,170,277,578,495,7235,78640,0.0,2884,0.0,28
2020-04-13,Toscana,992,225,1217,5040,6257,95,155,615,518,7390,80889,0.0,2249,0.0,23
2020-04-14,Toscana,1002,225,1227,5125,6352,95,137,637,538,7527,82269,0.0,1380,0.0,20
2020-04-15,Toscana,977,216,1193,5224,6417,65,139,693,556,7666,86348,0.0,4079,0.0,18
2020-04-16,Toscana,940,213,1153,5460,6613,196,277,745,585,7943,91651,0.0,5303,0.0,29
2020-04-17,Toscana,898,207,1105,5478,6583,-30,167,925,602,8110,96231,0.0,4580,0.0,17
2020-04-18,Toscana,883,198,1081,5389,6470,-113,127,1149,618,8237,99903,0.0,3672,0.0,16
2020-04-19,Toscana,852,192,1044,5452,6496,26,135,1239,637,8372,103975,84620.0,4072,84620.0,19
2020-04-20,Toscana,850,182,1032,5536,6568,72,135,1272,667,8507,105857,85946.0,1882,1326.0,30
2020-04-21,Toscana,833,171,1004,5618,6622,54,96,1295,686,8603,109925,87717.0,4068,1771.0,19
2020-04-22,Toscana,820,174,994,5173,6167,-455,97,1828,705,8700,114100,91747.0,4175,4030.0,19
2020-04-23,Toscana,791,168,959,5212,6171,4,80,1886,723,8780,118177,94426.0,4077,2679.0,18
2020-04-24,Toscana,738,159,897,5236,6133,-38,97,2002,742,8877,121336,96180.0,3159,1754.0,19
2020-04-25,Toscana,687,166,853,5293,6146,13,138,2109,760,9015,125495,98753.0,4159,2573.0,18
2020-04-26,Toscana,677,158,835,5234,6069,-77,132,2300,778,9147,127394,99751.0,1899,998.0,18
2020-04-27,Toscana,671,154,825,5158,5983,-86,32,2401,795,9179,129048,100869.0,1654,1118.0,17
2020-04-28,Toscana,619,144,763,5133,5896,-87,52,2524,811,9231,133617,103891.0,4569,3022.0,16
2020-04-29,Toscana,576,139,715,4948,5663,-233,61,2802,827,9292,137482,106150.0,3865,2259.0,16
2020-04-30,Toscana,546,126,672,4912,5584,-79,60,2926,842,9352,141849,108596.0,4367,2446.0,15
2020-05-01,Toscana,520,124,644,4729,5373,-211,93,3218,854,9445,146456,111349.0,4607,2753.0,12
2020-05-02,Toscana,519,118,637,4728,5365,-8,80,3297,863,9525,148223,112437.0,1767,1088.0,9
2020-05-03,Toscana,513,112,625,4703,5328,-37,38,3363,872,9563,150914,114354.0,2691,1917.0,9
2020-05-04,Toscana,512,107,619,4660,5279,-49,38,3441,881,9601,152447,115065.0,1533,711.0,9
2020-05-05,Toscana,484,111,595,4595,5190,-89,30,3552,889,9631,157260,118265.0,4813,3200.0,8
2020-05-06,Toscana,462,92,554,4534,5088,-102,26,3670,899,9657,161553,121066.0,4293,2801.0,10
2020-05-07,Toscana,437,91,528,4188,4716,-372,26,4052,915,9683,166062,124295.0,4509,3229.0,16
2020-05-08,Toscana,399,84,483,4109,4592,-124,38,4199,930,9721,170296,126752.0,4234,2457.0,15
2020-05-09,Toscana,364,79,443,4005,4448,-144,24,4360,937,9745,174596,129382.0,4300,2630.0,7
