data,denominazione_regione,ricoverati_con_sintomi,terapia_intensiva,totale_ospedalizzati,isolamento_domiciliare,totale_positivi,variazione_totale_positivi,nuovi_positivi,dimessi_guariti,deceduti,totale_casi,tamponi,casi_testati,nuovi_tamponi,nuovi_casi_testati,nuovi_deceduti
2020-02-24,Veneto,12,4,16,16,32,0,32,0,1,33,2200,0.0,2200,0.0,1
2020-02-25,Veneto,12,7,19,23,42,10,10,0,1,43,3780,0.0,1580,0.0,0
2020-02-26,Veneto,16,8,24,45,69,27,28,0,2,71,4900,0.0,1120,0.0,1
2020-02-27,Veneto,19,8,27,82,109,40,40,0,2,111,6164,0.0,1264,0.0,0
2020-02-28,Veneto,24,9,33,116,149,40,40,0,2,151,7414,0.0,1250,0.0,0
2020-02-29,Veneto,24,11,35,154,189,40,40,0,2,191,8659,0.0,1245,0.0,0
2020-03-01,Veneto,51,13,64,197,261,72,72,0,2,263,9056,0.0,397,0.0,0
2020-03-02,Veneto,53,14,67,204,271,10,10,0,2,273,9782,0.0,726,0.0,0
2020-03-03,Veneto,49,19,68,229,297,26,34,7,3,307,10176,0.0,394,0.0,1
2020-03-04,Veneto,76,23,99,246,345,48,53,9,6,360,10515,0.0,339,0.0,3
2020-03-05,Veneto,92,24,116,264,380,35,47,17,10,407,11949,0.0,1434,0.0,4
2020-03-06,Veneto,117,27,144,310,454,74,81,22,12,488,13023,0.0,1074,0.0,2
2020-03-07,Veneto,123,41,164,341,505,51,55,25,13,543,14429,0.0,1406,0.0,1
2020-03-08,Veneto,146,47,193,430,623,118,127,29,18,670,15918,0.0,1489,0.0,5
2020-03-09,Veneto,186,51,237,457,694,71,74,30,20,744,15956,0.0,38,0.0,2
2020-03-10,Veneto,204,67,271,512,783,89,112,47,26,856,16643,0.0,687,0.0,6
2020-03-11,Veneto,262,68,330,610,940,157,167,54,29,1023,21400,0.0,4757,0.0,3
2020-03-12,Veneto,360,85,445,852,1297,357,361,55,32,1384,23438,0.0,2038,0.0,3
2020-03-13,Veneto,366,107,473,980,1453,156,211,100,42,1595,25691,0.0,2253,0.0,10
2020-03-14,Veneto,366,119,485,1290,1775,322,342,107,55,1937,26980,0.0,1289,0.0,13
2020-03-15,Veneto,426,129,555,1434,1989,214,235,120,63,2172,32546,0.0,5566,0.0,8
2020-03-16,Veneto,498,156,654,1620,2274,285,301,130,69,2473,35052,0.0,2506,0.0,6
2020-03-17,Veneto,548,171,719,1769,2488,214,231,136,80,2704,35478,0.0,426,0.0,11
2020-03-18,Veneto,646,195,841,2112,2953,465,510,167,94,3214,40841,0.0,5363,0.0,14
2020-03-19,Veneto,771,209,980,2189,3169,216,270,200,115,3484,44658,0.0,3817,0.0,21
2020-03-20,Veneto,843,236,1079,2598,3677,508,547,223,131,4031,49288,0.0,4630,0.0,16
2020-03-21,Veneto,942,249,1191,3023,4214,537,586,257,146,4617,53642,0.0,4354,0.0,15
2020-03-22,Veneto,1113,255,1368,3276,4644,430,505,309,169,5122,57671,0.0,4029,0.0,23
2020-03-23,Veneto,1206,281,1487,3499,4986,342,383,327,192,5505,61115,0.0,3444,0.0,23
2020-03-24,Veneto,1318,304,1622,3729,5351,365,443,381,216,5948,66178,0.0,5063,0.0,24
2020-03-25,Veneto,1407,316,1723,4022,5745,394,494,439,258,6442,70877,0.0,4699,0.0,42
2020-03-26,Veneto,1447,326,1773,4367,6140,395,493,508,287,6935,79759,0.0,8882,0.0,29
2020-03-27,Veneto,1536,338,1874,4774,6648,508,562,536,313,7497,83627,0.0,3868,0.0,26
2020-03-28,Veneto,1559,344,1903,5010,6913,265,433,655,362,7930,89380,0.0,5753,0.0,49
2020-03-29,Veneto,1586,355,1941,5310,7251,338,428,715,392,8358,94784,0.0,5404,0.0,30
2020-03-30,Veneto,1633,356,1989,5575,7564,313,366,747,413,8724,99941,0.0,5157,0.0,21
2020-03-31,Veneto,1680,356,2036,5814,7850,286,431,828,477,9155,106238,0.0,6297,0.0,64
2020-04-01,Veneto,1718,350,2068,6156,8224,374,470,902,499,9625,112746,0.0,6508,0.0,22
2020-04-02,Veneto,1670,345,2015,6563,8578,354,486,1001,532,10111,120320,0.0,7574,0.0,33
2020-04-03,Veneto,1714,335,2049,6812,8861,283,353,1031,572,10464,126490,0.0,6170,0.0,40
2020-04-04,Veneto,1691,324,2015,7078,9093,232,360,1124,607,10824,133289,0.0,6799,0.0,35
2020-04-05,Veneto,1674,329,2003,7406,9409,316,402,1186,631,11226,140910,0.0,7621,0.0,24
2020-04-06,Veneto,1714,322,2036,7686,9722,313,362,1204,662,11588,146288,0.0,5378,0.0,31
2020-04-07,Veneto,1579,297,1876,8089,9965,243,337,1265,695,11925,153542,0.0,7254,0.0,33
2020-04-08,Veneto,1554,285,1839,8332,10171,206,485,1503,736,12410,163247,0.0,9705,0.0,41
2020-04-09,Veneto,1530,274,1804,8645,10449,278,523,1728,756,12933,171456,0.0,8209,0.0,20
2020-04-10,Veneto,1521,257,1778,8869,10647,198,488,1981,793,13421,180700,0.0,9244,0.0,37
2020-04-11,Veneto,1465,251,1716,9033,10749,102,347,2188,831,13768,190912,0.0,10212,0.0,38
2020-04-12,Veneto,1428,249,1677,9052,10729,-20,309,2492,856,14077,198442,0.0,7530,0.0,25
2020-04-13,Veneto,1427,245,1672,9094,10766,37,174,2603,882,14251,203077,0.0,4635,0.0,26
2020-04-14,Veneto,1427,233,1660,9076,10736,-30,181,2790,906,14432,208878,0.0,5801,0.0,24
2020-04-15,Veneto,1402,219,1621,9168,10789,53,192,2895,940,14624,216344,0.0,7466,0.0,34
2020-04-16,Veneto,1388,209,1597,9203,10800,11,366,3209,981,14990,224549,0.0,8205,0.0,41
2020-04-17,Veneto,1359,197,1556,9062,10618,-182,384,3730,1026,15374,236722,0.0,12173,0.0,45
2020-04-18,Veneto,1287,190,1477,8967,10444,-174,318,4189,1059,15692,247329,0.0,10607,0.0,33
2020-04-19,Veneto,1264,184,1448,8762,10210,-234,243,4638,1087,15935,255797,161231.0,8468,161231.0,28
2020-04-20,Veneto,1273,180,1453,8608,10061,-149,192,4954,1112,16127,260810,163757.0,5013,2526.0,25
2020-04-21,Veneto,1230,177,1407,8670,10077,16,277,5173,1154,16404,268069,167129.0,7259,3372.0,42
2020-04-22,Veneto,1205,163,1368,8623,9991,-86,334,5566,1181,16738,277543,171735.0,9474,4606.0,27
2020-04-23,Veneto,1189,140,1329,8596,9925,-66,143,5750,1206,16881,288075,177154.0,10532,5419.0,25
2020-04-24,Veneto,1159,130,1289,8390,9679,-246,348,6306,1244,17229,296896,181473.0,8821,4319.0,38
2020-04-25,Veneto,1105,129,1234,8198,9432,-247,162,6671,1288,17391,306977,186426.0,10081,4953.0,44
2020-04-26,Veneto,1097,124,1221,7917,9138,-294,80,7018,1315,17471,316361,183513.0,9384,-2913.0,27
2020-04-27,Veneto,1099,123,1222,7638,8860,-278,108,7375,1344,17579,320027,192751.0,3666,9238.0,29
2020-04-28,Veneto,1067,120,1187,7414,8601,-259,129,7699,1408,17708,328218,196864.0,8191,4113.0,64
2020-04-29,Veneto,1042,114,1156,7213,8369,-232,117,8019,1437,17825,337656,200737.0,9438,3873.0,29
2020-04-30,Veneto,1012,114,1126,7021,8147,-222,135,8354,1459,17960,349227,206347.0,11571,5610.0,22
2020-05-01,Veneto,977,110,1087,6692,7779,-368,138,8840,1479,18098,362459,212706.0,13232,6359.0,20
2020-05-02,Veneto,970,108,1078,6353,7431,-348,126,9291,1502,18224,370978,216997.0,8519,4291.0,23
2020-05-03,Veneto,955,103,1058,6241,7299,-132,94,9503,1516,18318,378202,220598.0,7224,3601.0,14
2020-05-04,Veneto,955,101,1056,6178,7234,-65,55,9611,1528,18373,383660,223968.0,5458,3370.0,12
2020-05-05,Veneto,926,98,1024,6092,7116,-118,29,9741,1545,18402,390952,227579.0,7292,3611.0,17
2020-05-06,Veneto,902,90,992,5797,6789,-327,77,10122,1568,18479,399806,231469.0,8854,3890.0,23
2020-05-07,Veneto,872,87,959,5575,6534,-255,74,10430,1589,18553,410212,236281.0,10406,4812.0,21
2020-05-08,Veneto,831,79,910,5277,6187,-347,65,10804,1627,18618,420949,240535.0,10737,4254.0,38
2020-05-09,Veneto,435,40,475,5402,5877,-310,53,11151,1643,18671,432114,244930.0,11165,4395.0,16
