data,denominazione_regione,ricoverati_con_sintomi,terapia_intensiva,totale_ospedalizzati,isolamento_domiciliare,totale_positivi,variazione_totale_positivi,nuovi_positivi,dimessi_guariti,deceduti,casi_da_sospetto_diagnostico,casi_da_screening,totale_casi,tamponi,casi_testati,nuovi_tamponi,nuovi_casi_testati,nuovi_deceduti
2020-02-24,Calabria,0,0,0,0,0,0,0,0,0,0.0,0.0,0,1,0.0,1,0.0,0
2020-02-25,Calabria,0,0,0,0,0,0,0,0,0,0.0,0.0,0,2,0.0,1,0.0,0
2020-02-26,Calabria,0,0,0,0,0,0,0,0,0,0.0,0.0,0,3,0.0,1,0.0,0
2020-02-27,Calabria,0,0,0,0,0,0,0,0,0,0.0,0.0,0,14,0.0,11,0.0,0
2020-02-28,Calabria,0,0,0,1,1,1,1,0,0,0.0,0.0,1,21,0.0,7,0.0,0
2020-02-29,Calabria,0,0,0,1,1,0,0,0,0,0.0,0.0,1,27,0.0,6,0.0,0
2020-03-01,Calabria,0,0,0,1,1,0,0,0,0,0.0,0.0,1,35,0.0,8,0.0,0
2020-03-02,Calabria,0,0,0,1,1,0,0,0,0,0.0,0.0,1,39,0.0,4,0.0,0
2020-03-03,Calabria,0,0,0,1,1,0,0,0,0,0.0,0.0,1,39,0.0,0,0.0,0
2020-03-04,Calabria,0,0,0,1,1,0,0,0,0,0.0,0.0,1,46,0.0,7,0.0,0
2020-03-05,Calabria,1,0,1,1,2,1,1,0,0,0.0,0.0,2,53,0.0,7,0.0,0
2020-03-06,Calabria,2,0,2,2,4,2,2,0,0,0.0,0.0,4,99,0.0,46,0.0,0
2020-03-07,Calabria,2,0,2,2,4,0,0,0,0,0.0,0.0,4,113,0.0,14,0.0,0
2020-03-08,Calabria,5,0,5,4,9,5,5,0,0,0.0,0.0,9,113,0.0,0,0.0,0
2020-03-09,Calabria,8,0,8,1,9,0,2,2,0,0.0,0.0,11,173,0.0,60,0.0,0
2020-03-10,Calabria,8,2,10,1,11,2,2,2,0,0.0,0.0,13,360,0.0,187,0.0,0
2020-03-11,Calabria,10,2,12,5,17,6,6,2,0,0.0,0.0,19,405,0.0,45,0.0,0
2020-03-12,Calabria,14,2,16,16,32,15,14,1,0,0.0,0.0,33,483,0.0,78,0.0,0
2020-03-13,Calabria,18,3,21,16,37,5,5,1,0,0.0,0.0,38,504,0.0,21,0.0,0
2020-03-14,Calabria,22,4,26,33,59,22,22,1,0,0.0,0.0,60,711,0.0,207,0.0,0
2020-03-15,Calabria,32,6,38,28,66,7,8,1,1,0.0,0.0,68,884,0.0,173,0.0,1
2020-03-16,Calabria,36,7,43,44,87,21,21,1,1,0.0,0.0,89,1030,0.0,146,0.0,0
2020-03-17,Calabria,45,10,55,57,112,25,25,1,1,0.0,0.0,114,1293,0.0,263,0.0,0
2020-03-18,Calabria,45,11,56,70,126,14,15,2,1,0.0,0.0,129,1668,0.0,375,0.0,0
2020-03-19,Calabria,60,13,73,91,164,38,40,2,3,0.0,0.0,169,2342,0.0,674,0.0,2
2020-03-20,Calabria,71,16,87,114,201,37,38,2,4,0.0,0.0,207,2690,0.0,348,0.0,1
2020-03-21,Calabria,73,16,89,136,225,24,28,5,5,0.0,0.0,235,3050,0.0,360,0.0,1
2020-03-22,Calabria,77,17,94,166,260,35,38,5,8,0.0,0.0,273,3666,0.0,616,0.0,3
2020-03-23,Calabria,82,20,102,178,280,20,19,5,7,0.0,0.0,292,4073,0.0,407,0.0,-1
2020-03-24,Calabria,88,21,109,195,304,24,27,5,10,0.0,0.0,319,4486,0.0,413,0.0,3
2020-03-25,Calabria,93,23,116,217,333,29,32,7,11,0.0,0.0,351,5058,0.0,572,0.0,1
2020-03-26,Calabria,101,23,124,248,372,39,42,7,14,0.0,0.0,393,5933,0.0,875,0.0,3
2020-03-27,Calabria,103,22,125,344,469,97,101,7,18,0.0,0.0,494,6901,0.0,968,0.0,4
2020-03-28,Calabria,107,22,129,394,523,54,61,11,21,0.0,0.0,555,7760,0.0,859,0.0,3
2020-03-29,Calabria,124,19,143,434,577,54,59,12,25,0.0,0.0,614,8485,0.0,725,0.0,4
2020-03-30,Calabria,130,18,148,454,602,25,33,14,31,0.0,0.0,647,9013,0.0,528,0.0,6
2020-03-31,Calabria,132,17,149,457,606,4,12,17,36,0.0,0.0,659,9327,0.0,314,0.0,5
2020-04-01,Calabria,144,16,160,450,610,4,10,21,38,0.0,0.0,669,9983,0.0,656,0.0,2
2020-04-02,Calabria,163,19,182,445,627,17,22,23,41,0.0,0.0,691,10679,0.0,696,0.0,3
2020-04-03,Calabria,183,17,200,462,662,35,42,26,45,0.0,0.0,733,11608,0.0,929,0.0,4
2020-04-04,Calabria,178,15,193,469,662,0,8,30,49,0.0,0.0,741,12314,0.0,706,0.0,4
2020-04-05,Calabria,174,13,187,519,706,44,54,33,56,0.0,0.0,795,13077,0.0,763,0.0,7
2020-04-06,Calabria,170,14,184,538,722,16,22,37,58,0.0,0.0,817,13633,0.0,556,0.0,2
2020-04-07,Calabria,169,14,183,550,733,11,16,40,60,0.0,0.0,833,14072,0.0,439,0.0,2
2020-04-08,Calabria,170,15,185,570,755,22,26,44,60,0.0,0.0,859,14977,0.0,905,0.0,0
2020-04-09,Calabria,168,15,183,582,765,10,15,48,61,0.0,0.0,874,15698,0.0,721,0.0,1
2020-04-10,Calabria,168,14,182,604,786,21,27,50,65,0.0,0.0,901,16637,0.0,939,0.0,4
2020-04-11,Calabria,169,15,184,608,792,6,14,57,66,0.0,0.0,915,17493,0.0,856,0.0,1
2020-04-12,Calabria,165,14,179,616,795,3,8,62,66,0.0,0.0,923,18211,0.0,718,0.0,0
2020-04-13,Calabria,160,12,172,619,791,-4,5,70,67,0.0,0.0,928,18596,0.0,385,0.0,1
2020-04-14,Calabria,161,12,173,643,816,25,28,72,68,0.0,0.0,956,19014,0.0,418,0.0,1
2020-04-15,Calabria,156,11,167,652,819,3,15,81,71,0.0,0.0,971,19662,0.0,648,0.0,3
2020-04-16,Calabria,157,9,166,681,847,28,38,90,72,0.0,0.0,1009,20642,0.0,980,0.0,1
2020-04-17,Calabria,154,7,161,658,819,-28,-18,99,73,0.0,0.0,991,21657,0.0,1015,0.0,1
2020-04-18,Calabria,152,7,159,673,832,13,20,106,73,0.0,0.0,1011,22794,0.0,1137,0.0,0
2020-04-19,Calabria,142,6,148,696,844,12,24,116,75,0.0,0.0,1035,23760,22234.0,966,22234.0,2
2020-04-20,Calabria,140,7,147,681,828,-16,3,135,75,0.0,0.0,1038,24373,22847.0,613,613.0,0
2020-04-21,Calabria,133,7,140,679,819,-9,9,152,76,0.0,0.0,1047,25440,23914.0,1067,1067.0,1
2020-04-22,Calabria,128,7,135,686,821,2,13,163,76,0.0,0.0,1060,26560,24878.0,1120,964.0,0
2020-04-23,Calabria,129,7,136,687,823,2,9,170,76,0.0,0.0,1069,27869,26187.0,1309,1309.0,0
2020-04-24,Calabria,123,7,130,691,821,-2,10,178,80,0.0,0.0,1079,28764,26811.0,895,624.0,4
2020-04-25,Calabria,125,7,132,679,811,-10,9,197,80,0.0,0.0,1088,29959,28006.0,1195,1195.0,0
2020-04-26,Calabria,118,8,126,671,797,-14,1,212,80,0.0,0.0,1089,30853,28900.0,894,894.0,0
2020-04-27,Calabria,114,6,120,662,782,-15,7,231,83,0.0,0.0,1096,31787,29834.0,934,934.0,3
2020-04-28,Calabria,113,6,119,645,764,-18,1,248,85,0.0,0.0,1097,33755,31802.0,1968,1968.0,2
2020-04-29,Calabria,107,6,113,640,753,-11,5,263,86,0.0,0.0,1102,34914,32961.0,1159,1159.0,1
2020-04-30,Calabria,105,6,111,629,740,-13,6,282,86,0.0,0.0,1108,35903,33950.0,989,989.0,0
2020-05-01,Calabria,105,3,108,619,727,-13,4,299,86,0.0,0.0,1112,37054,35101.0,1151,1151.0,0
2020-05-02,Calabria,100,4,104,609,713,-14,0,311,88,0.0,0.0,1112,37928,35975.0,874,874.0,2
2020-05-03,Calabria,95,4,99,603,702,-11,2,324,88,0.0,0.0,1114,38835,36874.0,907,899.0,0
2020-05-04,Calabria,93,4,97,577,674,-28,4,356,88,0.0,0.0,1118,39438,37390.0,603,516.0,0
2020-05-05,Calabria,92,4,96,554,650,-24,1,381,88,0.0,0.0,1119,40509,38461.0,1071,1071.0,0
2020-05-06,Calabria,87,3,90,554,644,-6,3,389,89,0.0,0.0,1122,41828,39780.0,1319,1319.0,1
2020-05-07,Calabria,81,2,83,550,633,-11,3,403,89,0.0,0.0,1125,42854,40806.0,1026,1026.0,0
2020-05-08,Calabria,73,2,75,544,619,-14,1,417,90,0.0,0.0,1126,43980,41902.0,1126,1096.0,1
2020-05-09,Calabria,68,2,70,542,612,-7,3,427,90,0.0,0.0,1129,45071,42993.0,1091,1091.0,0
2020-05-10,Calabria,66,2,68,528,596,-16,3,445,91,0.0,0.0,1132,46111,44284.0,1040,1291.0,1
2020-05-11,Calabria,64,1,65,503,568,-28,2,473,93,0.0,0.0,1134,47265,45438.0,1154,1154.0,2
2020-05-12,Calabria,65,1,66,502,568,0,4,477,93,0.0,0.0,1138,48420,46593.0,1155,1155.0,0
2020-05-13,Calabria,64,1,65,486,551,-17,2,496,93,0.0,0.0,1140,49787,47960.0,1367,1367.0,0
2020-05-14,Calabria,59,2,61,463,524,-27,3,524,95,0.0,0.0,1143,51050,49196.0,1263,1236.0,2
2020-05-15,Calabria,56,2,58,447,505,-19,1,544,95,0.0,0.0,1144,52701,50847.0,1651,1651.0,0
2020-05-16,Calabria,56,2,58,416,474,-31,7,582,95,0.0,0.0,1151,54091,52257.0,1390,1410.0,0
2020-05-17,Calabria,56,2,58,364,422,-52,0,634,95,0.0,0.0,1151,55304,53470.0,1213,1213.0,0
2020-05-18,Calabria,53,2,55,346,401,-21,0,655,95,0.0,0.0,1151,56167,54333.0,863,863.0,0
2020-05-19,Calabria,50,2,52,330,382,-19,2,676,95,0.0,0.0,1153,57310,55270.0,1143,937.0,0
2020-05-20,Calabria,49,1,50,303,353,-29,3,707,96,0.0,0.0,1156,58468,56209.0,1158,939.0,1
2020-05-21,Calabria,47,1,48,278,326,-27,0,734,96,0.0,0.0,1156,59724,57465.0,1256,1256.0,0
2020-05-22,Calabria,47,1,48,254,302,-24,1,759,96,0.0,0.0,1157,60847,58588.0,1123,1123.0,0
2020-05-23,Calabria,43,1,44,244,288,-14,0,773,96,0.0,0.0,1157,61892,59633.0,1045,1045.0,0
2020-05-24,Calabria,43,1,44,231,275,-13,0,786,96,0.0,0.0,1157,62952,60693.0,1060,1060.0,0
2020-05-25,Calabria,42,1,43,221,264,-11,0,797,96,0.0,0.0,1157,63508,61249.0,556,556.0,0
2020-05-26,Calabria,41,1,42,196,238,-26,0,823,96,0.0,0.0,1157,64514,62255.0,1006,1006.0,0
2020-05-27,Calabria,35,1,36,154,190,-48,1,872,96,0.0,0.0,1158,65631,63372.0,1117,1117.0,0
2020-05-28,Calabria,31,1,32,138,170,-20,0,892,96,0.0,0.0,1158,66956,64697.0,1325,1325.0,0
2020-05-29,Calabria,25,1,26,133,159,-11,0,902,97,0.0,0.0,1158,68131,65872.0,1175,1175.0,1
2020-05-30,Calabria,23,1,24,127,151,-8,0,910,97,0.0,0.0,1158,69334,67075.0,1203,1203.0,0
2020-05-31,Calabria,22,1,23,121,144,-7,0,917,97,0.0,0.0,1158,70274,68015.0,940,940.0,0
2020-06-01,Calabria,20,1,21,114,135,-9,0,926,97,0.0,0.0,1158,70892,68633.0,618,618.0,0
2020-06-02,Calabria,20,1,21,91,112,-23,0,949,97,0.0,0.0,1158,71617,69419.0,725,786.0,0
2020-06-03,Calabria,20,0,20,90,110,-2,0,951,97,0.0,0.0,1158,72237,69978.0,620,559.0,0
2020-06-04,Calabria,19,0,19,83,102,-8,0,959,97,0.0,0.0,1158,73072,70813.0,835,835.0,0
2020-06-05,Calabria,18,0,18,79,97,-5,1,965,97,0.0,0.0,1159,74186,72124.0,1114,1311.0,0
2020-06-06,Calabria,18,0,18,73,91,-6,0,971,97,0.0,0.0,1159,75290,73228.0,1104,1104.0,0
2020-06-07,Calabria,18,0,18,73,91,0,0,971,97,0.0,0.0,1159,76142,74080.0,852,852.0,0
2020-06-08,Calabria,18,0,18,59,77,-14,0,985,97,0.0,0.0,1159,76501,74439.0,359,359.0,0
2020-06-09,Calabria,18,0,18,50,68,-9,0,994,97,0.0,0.0,1159,77216,75154.0,715,715.0,0
2020-06-10,Calabria,18,0,18,36,54,-14,0,1008,97,0.0,0.0,1159,78174,76112.0,958,958.0,0
2020-06-11,Calabria,16,1,17,35,52,-2,2,1012,97,0.0,0.0,1161,79025,76963.0,851,851.0,0
2020-06-12,Calabria,16,1,17,30,47,-5,0,1017,97,0.0,0.0,1161,80063,78001.0,1038,1038.0,0
2020-06-13,Calabria,15,1,16,29,45,-2,1,1020,97,0.0,0.0,1162,81255,79193.0,1192,1192.0,0
2020-06-14,Calabria,15,1,16,28,44,-1,0,1021,97,0.0,0.0,1162,81981,79919.0,726,726.0,0
2020-06-15,Calabria,17,1,18,19,37,-7,0,1028,97,0.0,0.0,1162,82392,80330.0,411,411.0,0
2020-06-16,Calabria,18,0,18,18,36,-1,0,1029,97,0.0,0.0,1162,83281,81219.0,889,889.0,0
2020-06-17,Calabria,18,0,18,15,33,-3,0,1032,97,0.0,0.0,1162,84265,82203.0,984,984.0,0
2020-06-18,Calabria,18,0,18,17,35,2,3,1033,97,0.0,0.0,1165,85222,83171.0,957,968.0,0
2020-06-19,Calabria,18,0,18,16,34,-1,0,1034,97,0.0,0.0,1165,86273,84222.0,1051,1051.0,0
2020-06-20,Calabria,18,0,18,12,30,-4,3,1040,97,0.0,0.0,1167,87292,85241.0,1019,1019.0,0
2020-06-21,Calabria,17,0,17,19,36,6,6,1040,97,0.0,0.0,1173,87935,85884.0,643,643.0,0
2020-06-22,Calabria,15,0,15,18,33,-3,1,1044,97,0.0,0.0,1174,88372,86321.0,437,437.0,0
2020-06-23,Calabria,9,0,9,19,28,-5,1,1050,97,0.0,0.0,1175,89226,87180.0,854,859.0,0
2020-06-24,Calabria,9,0,9,19,28,0,0,1050,97,0.0,0.0,1175,90262,88228.0,1036,1048.0,0
2020-06-25,Calabria,10,0,10,18,28,0,0,1050,97,1175.0,0.0,1175,91283,89249.0,1021,1021.0,0
2020-06-26,Calabria,9,0,9,21,30,2,3,1051,97,1175.0,3.0,1178,92448,90414.0,1165,1165.0,0
2020-06-27,Calabria,9,0,9,22,31,1,1,1051,97,1175.0,4.0,1179,93372,91388.0,924,974.0,0
2020-06-28,Calabria,4,0,4,22,26,-5,1,1057,97,1175.0,5.0,1180,93852,91818.0,480,430.0,0
2020-06-29,Calabria,4,0,4,22,26,0,0,1057,97,1158.0,22.0,1180,94170,92136.0,318,318.0,0
2020-06-30,Calabria,4,0,4,23,27,1,1,1057,97,1159.0,22.0,1181,95094,93060.0,924,924.0,0
2020-07-01,Calabria,4,0,4,22,26,-1,0,1058,97,1159.0,22.0,1181,95926,93892.0,832,832.0,0
2020-07-02,Calabria,4,0,4,21,25,-1,0,1059,97,1159.0,22.0,1181,96914,94880.0,988,988.0,0
2020-07-03,Calabria,4,0,4,21,25,0,1,1060,97,1159.0,23.0,1182,97852,95818.0,938,938.0,0
2020-07-04,Calabria,3,0,3,23,26,1,1,1060,97,1159.0,24.0,1183,98936,96902.0,1084,1084.0,0
2020-07-05,Calabria,3,0,3,23,26,0,0,1060,97,1159.0,24.0,1183,99467,97433.0,531,531.0,0
2020-07-06,Calabria,4,0,4,22,26,0,0,1060,97,1159.0,24.0,1183,99705,97671.0,238,238.0,0
2020-07-07,Calabria,4,0,4,23,27,1,1,1060,97,1159.0,25.0,1184,100737,98703.0,1032,1032.0,0
2020-07-08,Calabria,4,0,4,24,28,1,1,1060,97,1159.0,26.0,1185,101642,99608.0,905,905.0,0
2020-07-09,Calabria,4,0,4,24,28,0,0,1060,97,1159.0,26.0,1185,102585,100551.0,943,943.0,0
2020-07-10,Calabria,4,0,4,23,27,-1,1,1062,97,1159.0,27.0,1186,103582,101548.0,997,997.0,0
2020-07-11,Calabria,4,0,4,25,29,2,2,1062,97,1159.0,29.0,1188,104475,102441.0,893,893.0,0
2020-07-12,Calabria,4,0,4,53,57,28,28,1062,97,1159.0,57.0,1216,105034,103000.0,559,559.0,0
2020-07-13,Calabria,4,0,4,53,57,0,0,1062,97,1159.0,57.0,1216,105315,103281.0,281,281.0,0
2020-07-14,Calabria,5,0,5,52,57,0,0,1062,97,1159.0,57.0,1216,106176,104142.0,861,861.0,0
2020-07-15,Calabria,5,0,5,54,59,2,2,1062,97,1159.0,59.0,1218,106955,104921.0,779,779.0,0
2020-07-16,Calabria,5,0,5,60,65,6,8,1064,97,1159.0,67.0,1226,107852,105818.0,897,897.0,0
2020-07-17,Calabria,6,0,6,63,69,4,5,1065,97,1159.0,72.0,1231,108711,106677.0,859,859.0,0
2020-07-18,Calabria,5,0,5,70,75,6,7,1066,97,1159.0,79.0,1238,109655,107621.0,944,944.0,0
2020-07-19,Calabria,4,0,4,68,72,-3,1,1070,97,1159.0,80.0,1239,110485,108451.0,830,830.0,0
2020-07-20,Calabria,3,0,3,68,71,-1,0,1071,97,1159.0,80.0,1239,110657,108623.0,172,172.0,0
2020-07-21,Calabria,3,0,3,68,71,0,0,1071,97,1159.0,80.0,1239,111600,109566.0,943,943.0,0
2020-07-22,Calabria,3,0,3,72,75,4,4,1071,97,1159.0,84.0,1243,112649,110615.0,1049,1049.0,0
2020-07-23,Calabria,3,0,3,74,77,2,2,1071,97,1159.0,86.0,1245,113791,111757.0,1142,1142.0,0
