data,denominazione_regione,ricoverati_con_sintomi,terapia_intensiva,totale_ospedalizzati,isolamento_domiciliare,totale_positivi,variazione_totale_positivi,nuovi_positivi,dimessi_guariti,deceduti,casi_da_sospetto_diagnostico,casi_da_screening,totale_casi,tamponi,casi_testati,nuovi_tamponi,nuovi_casi_testati,nuovi_deceduti
2020-02-24,Campania,0,0,0,0,0,0,0,0,0,0.0,0.0,0,10,0.0,10,0.0,0
2020-02-25,Campania,0,0,0,0,0,0,0,0,0,0.0,0.0,0,10,0.0,0,0.0,0
2020-02-26,Campania,0,0,0,0,0,0,0,0,0,0.0,0.0,0,10,0.0,0,0.0,0
2020-02-27,Campania,2,0,2,1,3,3,3,0,0,0.0,0.0,3,10,0.0,0,0.0,0
2020-02-28,Campania,2,0,2,2,4,1,1,0,0,0.0,0.0,4,213,0.0,203,0.0,0
2020-02-29,Campania,3,0,3,10,13,9,9,0,0,0.0,0.0,13,373,0.0,160,0.0,0
2020-03-01,Campania,4,0,4,13,17,4,4,0,0,0.0,0.0,17,373,0.0,0,0.0,0
2020-03-02,Campania,4,0,4,13,17,0,0,0,0,0.0,0.0,17,373,0.0,0,0.0,0
2020-03-03,Campania,11,0,11,19,30,13,13,0,0,0.0,0.0,30,405,0.0,32,0.0,0
2020-03-04,Campania,11,0,11,20,31,1,1,0,0,0.0,0.0,31,429,0.0,24,0.0,0
2020-03-05,Campania,12,0,12,33,45,14,14,0,0,0.0,0.0,45,471,0.0,42,0.0,0
2020-03-06,Campania,12,0,12,45,57,12,12,0,0,0.0,0.0,57,471,0.0,0,0.0,0
2020-03-07,Campania,16,0,16,45,61,4,4,0,0,0.0,0.0,61,612,0.0,141,0.0,0
2020-03-08,Campania,30,7,37,63,100,39,40,1,0,0.0,0.0,101,980,0.0,368,0.0,0
2020-03-09,Campania,42,8,50,69,119,19,19,1,0,0.0,0.0,120,980,0.0,0,0.0,0
2020-03-10,Campania,33,8,41,85,126,7,7,1,0,0.0,0.0,127,1141,0.0,161,0.0,0
2020-03-11,Campania,56,11,67,82,149,23,27,4,1,0.0,0.0,154,1375,0.0,234,0.0,1
2020-03-12,Campania,56,11,67,107,174,25,25,4,1,0.0,0.0,179,1551,0.0,176,0.0,0
2020-03-13,Campania,60,19,79,134,213,39,41,5,2,0.0,0.0,220,1671,0.0,120,0.0,1
2020-03-14,Campania,72,17,89,154,243,30,52,23,6,0.0,0.0,272,1936,0.0,265,0.0,4
2020-03-15,Campania,73,22,95,201,296,53,61,28,9,0.0,0.0,333,2213,0.0,277,0.0,3
2020-03-16,Campania,103,22,125,238,363,67,67,28,9,0.0,0.0,400,2517,0.0,304,0.0,0
2020-03-17,Campania,127,24,151,272,423,60,60,28,9,0.0,0.0,460,2685,0.0,168,0.0,0
2020-03-18,Campania,127,24,151,272,423,0,0,28,9,0.0,0.0,460,2685,0.0,0,0.0,0
2020-03-19,Campania,213,36,249,356,605,182,192,30,17,0.0,0.0,652,3544,0.0,859,0.0,8
2020-03-20,Campania,130,41,171,531,702,97,97,30,17,0.0,0.0,749,3845,0.0,301,0.0,0
2020-03-21,Campania,233,87,320,473,793,91,95,29,22,0.0,0.0,844,4448,0.0,603,0.0,5
2020-03-22,Campania,243,99,342,524,866,73,92,41,29,0.0,0.0,936,4943,0.0,495,0.0,7
2020-03-23,Campania,266,110,376,553,929,63,90,48,49,0.0,0.0,1026,5813,0.0,870,0.0,20
2020-03-24,Campania,345,181,526,466,992,63,75,53,56,0.0,0.0,1101,6297,0.0,484,0.0,7
2020-03-25,Campania,318,123,441,631,1072,80,98,53,74,0.0,0.0,1199,6972,0.0,675,0.0,18
2020-03-26,Campania,448,114,562,607,1169,97,111,58,83,0.0,0.0,1310,8346,0.0,1374,0.0,9
2020-03-27,Campania,456,113,569,723,1292,123,144,64,98,0.0,0.0,1454,9613,0.0,1267,0.0,15
2020-03-28,Campania,463,132,595,812,1407,115,138,76,109,0.0,0.0,1592,10616,0.0,1003,0.0,11
2020-03-29,Campania,476,135,611,945,1556,149,167,86,117,0.0,0.0,1759,11805,0.0,1189,0.0,8
2020-03-30,Campania,468,126,594,1145,1739,183,193,88,125,0.0,0.0,1952,12969,0.0,1164,0.0,8
2020-03-31,Campania,501,133,634,1237,1871,132,140,88,133,0.0,0.0,2092,14403,0.0,1434,0.0,8
2020-04-01,Campania,478,129,607,1369,1976,105,139,107,148,0.0,0.0,2231,15728,0.0,1325,0.0,15
2020-04-02,Campania,503,120,623,1517,2140,164,225,149,167,0.0,0.0,2456,17404,0.0,1676,0.0,19
2020-04-03,Campania,532,115,647,1705,2352,212,221,144,181,0.0,0.0,2677,19237,0.0,1833,0.0,14
2020-04-04,Campania,567,114,681,1815,2496,144,151,146,186,0.0,0.0,2828,21534,0.0,2297,0.0,5
2020-04-05,Campania,609,108,717,1904,2621,125,132,150,189,0.0,0.0,2960,23139,0.0,1605,0.0,3
2020-04-06,Campania,610,101,711,1987,2698,77,98,156,204,0.0,0.0,3058,24526,0.0,1387,0.0,15
2020-04-07,Campania,603,103,706,2059,2765,67,90,167,216,0.0,0.0,3148,25779,0.0,1253,0.0,12
2020-04-08,Campania,608,97,705,2154,2859,94,120,188,221,0.0,0.0,3268,27784,0.0,2005,0.0,5
2020-04-09,Campania,604,94,698,2175,2873,14,76,244,227,0.0,0.0,3344,29664,0.0,1880,0.0,6
2020-04-10,Campania,600,90,690,2273,2963,90,98,248,231,0.0,0.0,3442,31745,0.0,2081,0.0,4
2020-04-11,Campania,582,85,667,2335,3002,39,75,277,238,0.0,0.0,3517,33781,0.0,2036,0.0,7
2020-04-12,Campania,526,82,608,2449,3057,55,87,305,242,0.0,0.0,3604,35448,0.0,1667,0.0,4
2020-04-13,Campania,606,80,686,2376,3062,5,66,360,248,0.0,0.0,3670,36770,0.0,1322,0.0,6
2020-04-14,Campania,618,82,700,2394,3094,32,99,415,260,0.0,0.0,3769,38094,0.0,1324,0.0,12
2020-04-15,Campania,607,86,693,2394,3087,-7,38,442,278,0.0,0.0,3807,39534,0.0,1440,0.0,18
2020-04-16,Campania,618,76,694,2424,3118,31,80,483,286,0.0,0.0,3887,41296,0.0,1762,0.0,8
2020-04-17,Campania,622,76,698,2329,3027,-91,64,631,293,0.0,0.0,3951,43697,0.0,2401,0.0,7
2020-04-18,Campania,605,76,681,2364,3045,18,37,643,300,0.0,0.0,3988,46294,0.0,2597,0.0,7
2020-04-19,Campania,590,61,651,2371,3022,-23,41,703,304,0.0,0.0,4029,48187,34994.0,1893,34994.0,4
2020-04-20,Campania,586,61,647,2372,3019,-3,45,746,309,0.0,0.0,4074,51090,36153.0,2903,1159.0,5
2020-04-21,Campania,532,58,590,2356,2946,-73,61,872,317,0.0,0.0,4135,53548,37505.0,2458,1352.0,8
2020-04-22,Campania,523,53,576,2422,2998,52,50,860,327,0.0,0.0,4185,55701,38679.0,2153,1174.0,10
2020-04-23,Campania,539,47,586,2392,2978,-20,53,928,332,0.0,0.0,4238,58324,38679.0,2623,0.0,5
2020-04-24,Campania,524,44,568,2375,2943,-35,44,1003,336,0.0,0.0,4282,61331,40053.0,3007,1374.0,4
2020-04-25,Campania,543,55,598,2337,2935,-8,17,1023,341,0.0,0.0,4299,64521,41399.0,3190,1346.0,5
2020-04-26,Campania,536,45,581,2343,2924,-11,32,1062,345,0.0,0.0,4331,67218,42279.0,2697,880.0,4
2020-04-27,Campania,541,37,578,2299,2877,-47,18,1120,352,0.0,0.0,4349,68727,42463.0,1509,184.0,7
2020-04-28,Campania,544,33,577,2225,2802,-75,31,1220,358,0.0,0.0,4380,70566,42690.0,1839,227.0,6
2020-04-29,Campania,518,31,549,2233,2782,-20,30,1269,359,0.0,0.0,4410,73094,43449.0,2528,759.0,1
2020-04-30,Campania,484,29,513,2260,2773,-9,13,1291,359,0.0,0.0,4423,76108,44233.0,3014,784.0,0
2020-05-01,Campania,478,29,507,2246,2753,-20,21,1332,359,0.0,0.0,4444,79940,44975.0,3832,742.0,0
2020-05-02,Campania,470,27,497,2224,2721,-32,15,1376,362,0.0,0.0,4459,83592,45955.0,3652,980.0,3
2020-05-03,Campania,455,30,485,2241,2726,5,25,1394,364,0.0,0.0,4484,86498,47027.0,2906,1072.0,2
2020-05-04,Campania,438,24,462,2249,2711,-15,14,1421,366,0.0,0.0,4498,90543,48275.0,4045,1248.0,2
2020-05-05,Campania,408,25,433,2097,2530,-181,20,1619,369,0.0,0.0,4518,93068,48733.0,2525,458.0,3
2020-05-06,Campania,433,25,458,1882,2340,-190,14,1816,376,0.0,0.0,4532,96548,49478.0,3480,745.0,7
2020-05-07,Campania,415,27,442,1697,2139,-201,9,2023,379,0.0,0.0,4541,101025,50463.0,4477,985.0,3
2020-05-08,Campania,418,28,446,1566,2012,-127,21,2164,386,0.0,0.0,4562,105399,51402.0,4374,939.0,7
2020-05-09,Campania,415,26,441,1524,1965,-47,14,2223,388,0.0,0.0,4576,110811,52593.0,5412,1191.0,2
2020-05-10,Campania,435,20,455,1460,1915,-50,12,2282,391,0.0,0.0,4588,114819,53475.0,4008,882.0,3
2020-05-11,Campania,436,23,459,1450,1909,-6,14,2301,392,0.0,0.0,4602,119042,54822.0,4223,1347.0,1
2020-05-12,Campania,414,20,434,1443,1877,-32,13,2345,393,0.0,0.0,4615,121253,55406.0,2211,584.0,1
2020-05-13,Campania,402,19,421,1394,1815,-62,15,2421,394,0.0,0.0,4630,124370,56390.0,3117,984.0,1
2020-05-14,Campania,387,19,406,1359,1765,-50,9,2480,394,0.0,0.0,4639,127938,57684.0,3568,1294.0,0
2020-05-15,Campania,341,17,358,1378,1736,-29,15,2522,396,0.0,0.0,4654,131544,59162.0,3606,1478.0,2
2020-05-16,Campania,351,16,367,1343,1710,-26,14,2562,396,0.0,0.0,4668,136261,61574.0,4717,2412.0,0
2020-05-17,Campania,342,17,359,1337,1696,-14,16,2592,396,0.0,0.0,4684,139787,63039.0,3526,1465.0,0
2020-05-18,Campania,342,17,359,1314,1673,-23,11,2623,399,0.0,0.0,4695,143478,67155.0,3691,4116.0,3
2020-05-19,Campania,330,17,347,1171,1518,-155,12,2790,399,0.0,0.0,4707,147225,69264.0,3747,2109.0,0
2020-05-20,Campania,318,12,330,1112,1442,-76,7,2871,401,0.0,0.0,4714,150764,71118.0,3539,1854.0,2
2020-05-21,Campania,312,9,321,1052,1373,-69,9,2947,403,0.0,0.0,4723,155842,73912.0,5078,2794.0,2
2020-05-22,Campania,312,9,321,971,1292,-81,10,3037,404,0.0,0.0,4733,161825,76907.0,5983,2995.0,1
2020-05-23,Campania,295,10,305,968,1273,-19,11,3067,404,0.0,0.0,4744,166692,79655.0,4867,2748.0,0
2020-05-24,Campania,311,8,319,949,1268,-5,5,3076,405,0.0,0.0,4749,172106,80942.0,5414,1287.0,1
2020-05-25,Campania,287,7,294,919,1213,-55,6,3137,405,0.0,0.0,4755,175466,82786.0,3360,1844.0,0
2020-05-26,Campania,286,5,291,893,1184,-29,12,3178,405,0.0,0.0,4767,179845,85780.0,4379,2994.0,0
2020-05-27,Campania,275,6,281,865,1146,-38,6,3221,406,0.0,0.0,4773,185724,88874.0,5879,3094.0,1
2020-05-28,Campania,260,6,266,746,1012,-134,4,3355,410,0.0,0.0,4777,189068,90670.0,3344,1796.0,4
2020-05-29,Campania,236,7,243,743,986,-26,10,3390,411,0.0,0.0,4787,193669,93464.0,4601,2794.0,1
2020-05-30,Campania,236,7,243,738,981,-5,10,3405,411,0.0,0.0,4797,198033,95903.0,4364,2439.0,0
2020-05-31,Campania,227,5,232,748,980,-1,5,3410,412,0.0,0.0,4802,201543,98096.0,3510,2193.0,1
2020-06-01,Campania,224,6,230,709,939,-41,4,3454,413,0.0,0.0,4806,203858,99580.0,2315,1484.0,1
2020-06-02,Campania,236,7,243,647,890,-49,3,3504,415,0.0,0.0,4809,206834,100269.0,2976,689.0,2
2020-06-03,Campania,206,4,210,659,869,-21,12,3537,415,0.0,0.0,4821,208854,101664.0,2020,1395.0,0
2020-06-04,Campania,160,5,165,665,830,-39,1,3572,420,0.0,0.0,4822,210001,102305.0,1147,641.0,5
2020-06-05,Campania,133,7,140,634,774,-56,0,3623,425,0.0,0.0,4822,212486,104169.0,2485,1864.0,5
2020-06-06,Campania,97,7,104,634,738,-36,0,3658,426,0.0,0.0,4822,215404,105814.0,2918,1645.0,1
2020-06-07,Campania,86,6,92,633,725,-13,4,3675,426,0.0,0.0,4826,217898,108785.0,2494,2971.0,0
2020-06-08,Campania,82,6,88,629,717,-8,2,3685,426,0.0,0.0,4828,219033,109534.0,1135,749.0,0
2020-06-09,Campania,73,3,76,599,675,-42,5,3732,426,0.0,0.0,4833,220662,110583.0,1629,1049.0,0
2020-06-10,Campania,74,2,76,566,642,-33,1,3764,428,0.0,0.0,4834,223302,112309.0,2640,1726.0,2
2020-06-11,Campania,74,2,76,534,610,-32,3,3797,430,0.0,0.0,4837,226823,114073.0,3521,1764.0,2
2020-06-12,Campania,61,2,63,283,346,-264,-229,3832,430,0.0,0.0,4608,230551,115842.0,3728,1769.0,0
2020-06-13,Campania,67,2,69,268,337,-9,0,3841,430,0.0,0.0,4608,234666,118820.0,4115,2978.0,0
2020-06-14,Campania,53,2,55,264,319,-18,1,3860,430,0.0,0.0,4609,240290,121618.0,5624,2798.0,0
2020-06-15,Campania,58,2,60,229,289,-30,4,3894,430,0.0,0.0,4613,241380,122291.0,1090,673.0,0
2020-06-16,Campania,57,2,59,214,273,-16,0,3910,430,0.0,0.0,4613,242662,123167.0,1282,876.0,0
2020-06-17,Campania,48,2,50,208,258,-15,1,3925,431,0.0,0.0,4614,258207,124041.0,15545,874.0,1
2020-06-18,Campania,52,6,58,184,242,-16,1,3942,431,0.0,0.0,4615,259655,124683.0,1448,642.0,0
2020-06-19,Campania,47,3,50,75,125,-117,0,4059,431,0.0,0.0,4615,261642,125525.0,1987,842.0,0
2020-06-20,Campania,48,1,49,76,125,0,0,4059,431,0.0,0.0,4615,263560,126398.0,1918,873.0,0
2020-06-21,Campania,41,1,42,84,126,1,2,4060,431,0.0,0.0,4617,265122,127385.0,1562,987.0,0
2020-06-22,Campania,40,0,40,93,133,7,7,4060,431,0.0,0.0,4624,266472,127669.0,1350,284.0,0
2020-06-23,Campania,47,0,47,94,141,8,10,4062,431,0.0,0.0,4634,267306,128347.0,834,678.0,0
2020-06-24,Campania,35,0,35,113,148,7,11,4066,431,0.0,0.0,4645,269477,130025.0,2171,1678.0,0
2020-06-25,Campania,47,0,47,117,164,16,17,4067,431,4661.0,1.0,4662,271460,131319.0,1983,1294.0,0
2020-06-26,Campania,41,1,42,122,164,0,3,4070,431,4664.0,1.0,4665,272874,131984.0,1414,665.0,0
2020-06-27,Campania,45,0,45,118,163,-1,0,4071,431,4664.0,1.0,4665,276025,133632.0,3151,1648.0,0
2020-06-28,Campania,39,0,39,124,163,0,0,4071,431,4664.0,1.0,4665,277560,134651.0,1535,1019.0,0
2020-06-29,Campania,20,0,20,142,162,-1,1,4073,431,4664.0,2.0,4666,279246,135740.0,1686,1089.0,0
2020-06-30,Campania,29,0,29,152,181,19,24,4077,432,4677.0,13.0,4690,282523,138482.0,3277,2742.0,1
2020-07-01,Campania,16,0,16,173,189,8,9,4078,432,4678.0,21.0,4699,285388,139678.0,2865,1196.0,0
2020-07-02,Campania,15,0,15,175,190,1,3,4080,432,4680.0,22.0,4702,286812,140525.0,1424,847.0,0
2020-07-03,Campania,35,0,35,162,197,7,10,4083,432,4682.0,30.0,4712,289253,142219.0,2441,1694.0,0
2020-07-04,Campania,37,0,37,161,198,1,2,4084,432,4683.0,31.0,4714,290745,143232.0,1492,1013.0,0
2020-07-05,Campania,36,0,36,165,201,3,5,4086,432,4685.0,34.0,4719,292593,144281.0,1848,1049.0,0
2020-07-06,Campania,42,0,42,185,227,26,27,4087,432,4690.0,56.0,4746,293368,144742.0,775,461.0,0
2020-07-07,Campania,48,0,48,178,226,-1,1,4089,432,4691.0,56.0,4747,294712,145538.0,1344,796.0,0
2020-07-08,Campania,36,0,36,192,228,2,3,4090,432,4693.0,57.0,4750,296630,146632.0,1918,1094.0,0
2020-07-09,Campania,45,0,45,187,232,4,5,4091,432,4694.0,61.0,4755,298217,147644.0,1587,1012.0,0
2020-07-10,Campania,44,0,44,193,237,5,7,4093,432,4701.0,61.0,4762,299725,148627.0,1508,983.0,0
2020-07-11,Campania,47,0,47,195,242,5,7,4095,432,4708.0,61.0,4769,301677,149873.0,1952,1246.0,0
2020-07-12,Campania,13,0,13,233,246,4,3,4094,432,4711.0,61.0,4772,302889,150757.0,1212,884.0,0
2020-07-13,Campania,16,0,16,237,253,7,7,4094,432,4718.0,61.0,4779,303419,151102.0,530,345.0,0
2020-07-14,Campania,16,1,17,235,252,-1,0,4095,432,4718.0,61.0,4779,304517,151799.0,1098,697.0,0
2020-07-15,Campania,51,1,52,207,259,7,8,4096,432,4724.0,63.0,4787,306363,152896.0,1846,1097.0,0
2020-07-16,Campania,23,1,24,238,262,3,4,4097,432,4728.0,63.0,4791,307585,153642.0,1222,746.0,0
2020-07-17,Campania,49,1,50,222,272,10,12,4098,433,4739.0,64.0,4803,309290,154665.0,1705,1023.0,1
2020-07-18,Campania,44,1,45,242,287,15,15,4098,433,4754.0,64.0,4818,310851,155873.0,1561,1208.0,0
2020-07-19,Campania,34,0,34,260,294,7,9,4100,433,4763.0,64.0,4827,312260,156869.0,1409,996.0,0
2020-07-20,Campania,32,0,32,264,296,2,6,4104,433,4769.0,64.0,4833,312536,157038.0,276,169.0,0
2020-07-21,Campania,33,1,34,263,297,1,6,4108,434,4775.0,64.0,4839,314126,158142.0,1590,1104.0,1
2020-07-22,Campania,29,1,30,285,315,18,19,4109,434,4794.0,64.0,4858,316191,159338.0,2065,1196.0,0
2020-07-23,Campania,35,1,36,293,329,14,16,4111,434,4810.0,64.0,4874,318303,160605.0,2112,1267.0,0
