data,denominazione_regione,ricoverati_con_sintomi,terapia_intensiva,totale_ospedalizzati,isolamento_domiciliare,totale_positivi,variazione_totale_positivi,nuovi_positivi,dimessi_guariti,deceduti,casi_da_sospetto_diagnostico,casi_da_screening,totale_casi,tamponi,casi_testati,nuovi_tamponi,nuovi_casi_testati,nuovi_deceduti
2020-02-24,Emilia-Romagna,10,2,12,6,18,0,18,0,0,0.0,0.0,18,148,0.0,148,0.0,0
2020-02-25,Emilia-Romagna,15,2,17,9,26,8,8,0,0,0.0,0.0,26,391,0.0,243,0.0,0
2020-02-26,Emilia-Romagna,20,3,23,23,46,20,21,0,1,0.0,0.0,47,577,0.0,186,0.0,1
2020-02-27,Emilia-Romagna,36,6,42,54,96,50,50,0,1,0.0,0.0,97,1033,0.0,456,0.0,0
2020-02-28,Emilia-Romagna,56,6,62,81,143,47,48,0,2,0.0,0.0,145,1277,0.0,244,0.0,1
2020-02-29,Emilia-Romagna,86,11,97,116,213,70,72,0,4,0.0,0.0,217,1550,0.0,273,0.0,2
2020-03-01,Emilia-Romagna,127,13,140,137,277,64,68,0,8,0.0,0.0,285,1795,0.0,245,0.0,4
2020-03-02,Emilia-Romagna,148,16,164,160,324,47,50,0,11,0.0,0.0,335,1973,0.0,178,0.0,3
2020-03-03,Emilia-Romagna,187,24,211,187,398,74,85,4,18,0.0,0.0,420,2012,0.0,39,0.0,7
2020-03-04,Emilia-Romagna,256,26,282,234,516,118,124,6,22,0.0,0.0,544,2500,0.0,488,0.0,4
2020-03-05,Emilia-Romagna,327,32,359,299,658,142,154,10,30,0.0,0.0,698,2884,0.0,384,0.0,8
2020-03-06,Emilia-Romagna,397,53,450,366,816,158,172,17,37,0.0,0.0,870,3136,0.0,252,0.0,7
2020-03-07,Emilia-Romagna,464,64,528,409,937,121,140,25,48,0.0,0.0,1010,3604,0.0,468,0.0,11
2020-03-08,Emilia-Romagna,542,75,617,480,1097,160,170,27,56,0.0,0.0,1180,4344,0.0,740,0.0,8
2020-03-09,Emilia-Romagna,576,90,666,620,1286,189,206,30,70,0.0,0.0,1386,4906,0.0,562,0.0,14
2020-03-10,Emilia-Romagna,669,98,767,650,1417,131,147,31,85,0.0,0.0,1533,5494,0.0,588,0.0,15
2020-03-11,Emilia-Romagna,745,104,849,739,1588,171,206,38,113,0.0,0.0,1739,6640,0.0,1146,0.0,28
2020-03-12,Emilia-Romagna,814,112,926,832,1758,170,208,43,146,0.0,0.0,1947,7600,0.0,960,0.0,33
2020-03-13,Emilia-Romagna,942,128,1070,941,2011,253,316,51,201,0.0,0.0,2263,8787,0.0,1187,0.0,55
2020-03-14,Emilia-Romagna,1076,152,1228,1121,2349,338,381,54,241,0.0,0.0,2644,10043,0.0,1256,0.0,40
2020-03-15,Emilia-Romagna,1215,169,1384,1357,2741,392,449,68,284,0.0,0.0,3093,12054,0.0,2011,0.0,43
2020-03-16,Emilia-Romagna,1362,197,1559,1529,3088,347,429,88,346,0.0,0.0,3522,13096,0.0,1042,0.0,62
2020-03-17,Emilia-Romagna,1566,223,1789,1615,3404,316,409,134,393,0.0,0.0,3931,14510,0.0,1414,0.0,47
2020-03-18,Emilia-Romagna,1784,247,2031,1884,3915,511,594,152,458,0.0,0.0,4525,15461,0.0,951,0.0,65
2020-03-19,Emilia-Romagna,1900,260,2160,2346,4506,591,689,177,531,0.0,0.0,5214,18344,0.0,2883,0.0,73
2020-03-20,Emilia-Romagna,2083,267,2350,2739,5089,583,754,239,640,0.0,0.0,5968,20753,0.0,2409,0.0,109
2020-03-21,Emilia-Romagna,2267,265,2532,3129,5661,572,737,329,715,0.0,0.0,6705,24620,0.0,3867,0.0,75
2020-03-22,Emilia-Romagna,2429,269,2698,3692,6390,729,850,349,816,0.0,0.0,7555,28022,0.0,3402,0.0,101
2020-03-23,Emilia-Romagna,2846,276,3122,4098,7220,830,980,423,892,0.0,0.0,8535,31200,0.0,3178,0.0,76
2020-03-24,Emilia-Romagna,2974,291,3265,4446,7711,491,719,558,985,0.0,0.0,9254,33527,0.0,2327,0.0,93
2020-03-25,Emilia-Romagna,3180,294,3474,4782,8256,545,800,721,1077,0.0,0.0,10054,38045,0.0,4518,0.0,92
2020-03-26,Emilia-Romagna,3354,301,3655,5195,8850,594,762,792,1174,0.0,0.0,10816,42395,0.0,4350,0.0,97
2020-03-27,Emilia-Romagna,3461,308,3769,5592,9361,511,772,960,1267,0.0,0.0,11588,47798,0.0,5403,0.0,93
2020-03-28,Emilia-Romagna,3695,316,4011,5953,9964,603,795,1075,1344,0.0,0.0,12383,52991,0.0,5193,0.0,77
2020-03-29,Emilia-Romagna,3769,333,4102,6433,10535,571,736,1141,1443,0.0,0.0,13119,52991,0.0,0,0.0,99
2020-03-30,Emilia-Romagna,3779,351,4130,6636,10766,231,412,1227,1538,0.0,0.0,13531,50990,0.0,-2001,0.0,95
2020-03-31,Emilia-Romagna,3765,353,4118,6835,10953,187,543,1477,1644,0.0,0.0,14074,54532,0.0,3542,0.0,106
2020-04-01,Emilia-Romagna,3898,359,4257,7232,11489,536,713,1566,1732,0.0,0.0,14787,58457,0.0,3925,0.0,88
2020-04-02,Emilia-Romagna,3944,366,4310,7549,11859,370,546,1663,1811,0.0,0.0,15333,60507,0.0,2050,0.0,79
2020-04-03,Emilia-Romagna,3915,364,4279,7899,12178,319,599,1852,1902,0.0,0.0,15932,63682,0.0,3175,0.0,91
2020-04-04,Emilia-Romagna,3859,358,4217,8306,12523,345,608,2040,1977,0.0,0.0,16540,67075,0.0,3393,0.0,75
2020-04-05,Emilia-Romagna,3839,375,4214,8623,12837,314,549,2201,2051,0.0,0.0,17089,69986,0.0,2911,0.0,74
2020-04-06,Emilia-Romagna,3804,372,4176,8875,13051,214,467,2397,2108,0.0,0.0,17556,72163,0.0,2177,0.0,57
2020-04-07,Emilia-Romagna,3750,366,4116,8932,13048,-3,269,2597,2180,0.0,0.0,17825,75191,0.0,3028,0.0,72
2020-04-08,Emilia-Romagna,3769,361,4130,8980,13110,62,409,2890,2234,0.0,0.0,18234,78367,0.0,3176,0.0,54
2020-04-09,Emilia-Romagna,3722,355,4077,9181,13258,148,443,3103,2316,0.0,0.0,18677,81715,0.0,3348,0.0,82
2020-04-10,Emilia-Romagna,3596,349,3945,9405,13350,92,451,3381,2397,0.0,0.0,19128,85884,0.0,4169,0.0,81
2020-04-11,Emilia-Romagna,3530,341,3871,9624,13495,145,507,3659,2481,0.0,0.0,19635,91759,0.0,5875,0.0,84
2020-04-12,Emilia-Romagna,3491,335,3826,9846,13672,177,463,3862,2564,0.0,0.0,20098,96704,0.0,4945,0.0,83
2020-04-13,Emilia-Romagna,3490,331,3821,9997,13818,146,342,4007,2615,0.0,0.0,20440,99047,0.0,2343,0.0,51
2020-04-14,Emilia-Romagna,3473,328,3801,9977,13778,-40,312,4269,2705,0.0,0.0,20752,101896,0.0,2849,0.0,90
2020-04-15,Emilia-Romagna,3388,325,3713,9864,13577,-201,277,4664,2788,0.0,0.0,21029,106149,0.0,4253,0.0,83
2020-04-16,Emilia-Romagna,3360,316,3676,9987,13663,86,457,4980,2843,0.0,0.0,21486,112105,0.0,5956,0.0,55
2020-04-17,Emilia-Romagna,3330,309,3639,9946,13585,-78,348,5346,2903,0.0,0.0,21834,116826,0.0,4721,0.0,60
2020-04-18,Emilia-Romagna,3234,296,3530,10054,13584,-1,350,5635,2965,0.0,0.0,22184,121220,0.0,4394,0.0,62
2020-04-19,Emilia-Romagna,3166,289,3455,10097,13552,-32,376,5985,3023,0.0,0.0,22560,124916,88776.0,3696,88776.0,58
2020-04-20,Emilia-Romagna,3144,283,3427,10095,13522,-30,307,6266,3079,0.0,0.0,22867,129530,90894.0,4614,2118.0,56
2020-04-21,Emilia-Romagna,3045,282,3327,9917,13244,-278,225,6701,3147,0.0,0.0,23092,134878,93367.0,5348,2473.0,68
2020-04-22,Emilia-Romagna,2964,282,3246,9838,13084,-160,342,7146,3204,0.0,0.0,23434,140874,96824.0,5996,3457.0,57
2020-04-23,Emilia-Romagna,2889,266,3155,9690,12845,-239,289,7609,3269,0.0,0.0,23723,146146,99714.0,5272,2890.0,65
2020-04-24,Emilia-Romagna,2807,264,3071,9438,12509,-336,247,8158,3303,0.0,0.0,23970,151505,102495.0,5359,2781.0,34
2020-04-25,Emilia-Romagna,2718,246,2964,9383,12347,-162,239,8515,3347,0.0,0.0,24209,156883,105628.0,5378,3133.0,44
2020-04-26,Emilia-Romagna,2695,245,2940,9401,12341,-6,241,8723,3386,0.0,0.0,24450,161928,109192.0,5045,3564.0,39
2020-04-27,Emilia-Romagna,2640,247,2887,9338,12225,-116,212,9006,3431,0.0,0.0,24662,164979,111041.0,3051,1849.0,45
2020-04-28,Emilia-Romagna,2574,228,2802,9201,12003,-222,252,9439,3472,0.0,0.0,24914,172589,116624.0,7610,5583.0,41
2020-04-29,Emilia-Romagna,2527,226,2753,9109,11862,-141,263,9803,3512,0.0,0.0,25177,176865,118881.0,4276,2257.0,40
2020-04-30,Emilia-Romagna,2146,206,2352,7211,9563,-2299,259,12322,3551,0.0,0.0,25436,182857,122430.0,5992,3549.0,39
2020-05-01,Emilia-Romagna,2112,197,2309,7175,9484,-79,208,12581,3579,0.0,0.0,25644,188264,125636.0,5407,3206.0,28
2020-05-02,Emilia-Romagna,2033,196,2229,7094,9323,-161,206,12913,3614,0.0,0.0,25850,192135,128005.0,3871,2369.0,35
2020-05-03,Emilia-Romagna,1997,197,2194,6851,9045,-278,166,13329,3642,0.0,0.0,26016,197075,131047.0,4940,3042.0,28
2020-05-04,Emilia-Romagna,1968,199,2167,6817,8984,-61,159,13525,3666,0.0,0.0,26175,200427,133329.0,3352,2282.0,24
2020-05-05,Emilia-Romagna,1917,191,2108,6573,8681,-303,100,13889,3705,0.0,0.0,26275,206166,136310.0,5739,2981.0,39
2020-05-06,Emilia-Romagna,1816,176,1992,6399,8391,-290,104,14251,3737,0.0,0.0,26379,211652,138871.0,5486,2561.0,32
2020-05-07,Emilia-Romagna,1726,173,1899,6112,8011,-380,108,14710,3766,0.0,0.0,26487,217039,141468.0,5387,2597.0,29
2020-05-08,Emilia-Romagna,1680,163,1843,5887,7730,-281,111,15071,3797,0.0,0.0,26598,221866,144009.0,4827,2541.0,31
2020-05-09,Emilia-Romagna,1604,155,1759,5642,7401,-329,121,15491,3827,0.0,0.0,26719,227366,146642.0,5500,2633.0,30
2020-05-10,Emilia-Romagna,1562,150,1712,5479,7191,-210,77,15760,3845,0.0,0.0,26796,231637,149276.0,4271,2634.0,18
2020-05-11,Emilia-Romagna,1537,141,1678,5362,7040,-151,80,15969,3867,0.0,0.0,26876,234619,151040.0,2982,1764.0,22
2020-05-12,Emilia-Romagna,1384,136,1520,5281,6801,-239,53,16243,3885,0.0,0.0,26929,239178,153074.0,4559,2034.0,18
2020-05-13,Emilia-Romagna,1165,123,1288,5214,6502,-299,50,16572,3905,0.0,0.0,26979,243883,155476.0,4705,2402.0,20
2020-05-14,Emilia-Romagna,861,122,983,5318,6301,-201,77,16825,3930,0.0,0.0,27056,248591,158371.0,4708,2895.0,25
2020-05-15,Emilia-Romagna,763,114,877,5124,6001,-300,54,17166,3943,0.0,0.0,27110,253497,160622.0,4906,2251.0,13
2020-05-16,Emilia-Romagna,740,112,852,5000,5852,-149,72,17370,3960,0.0,0.0,27182,258274,163067.0,4777,2445.0,17
2020-05-17,Emilia-Romagna,721,111,832,4824,5656,-196,50,17603,3973,0.0,0.0,27232,261106,163117.0,2832,50.0,13
2020-05-18,Emilia-Romagna,708,105,813,4712,5525,-131,35,17756,3986,0.0,0.0,27267,263888,166240.0,2782,3123.0,13
2020-05-19,Emilia-Romagna,670,99,769,4561,5330,-195,47,17987,3997,0.0,0.0,27314,268200,168367.0,4312,2127.0,11
2020-05-20,Emilia-Romagna,626,96,722,4376,5098,-232,50,18258,4008,0.0,0.0,27364,274362,171903.0,6162,3536.0,11
2020-05-21,Emilia-Romagna,592,92,684,4242,4926,-172,53,18466,4025,0.0,0.0,27417,278917,174485.0,4555,2582.0,17
2020-05-22,Emilia-Romagna,552,89,641,4089,4730,-196,53,18703,4037,0.0,0.0,27470,282857,176464.0,3940,1979.0,12
2020-05-23,Emilia-Romagna,524,84,608,3962,4570,-160,43,18896,4047,0.0,0.0,27513,287382,179022.0,4525,2558.0,10
2020-05-24,Emilia-Romagna,519,83,602,3855,4457,-113,45,19046,4055,0.0,0.0,27558,291876,182002.0,4494,2980.0,8
2020-05-25,Emilia-Romagna,514,82,596,3763,4359,-98,29,19160,4068,0.0,0.0,27587,294181,183187.0,2305,1185.0,13
2020-05-26,Emilia-Romagna,493,80,573,3573,4146,-213,24,19389,4076,0.0,0.0,27611,297854,185125.0,3673,1938.0,8
2020-05-27,Emilia-Romagna,459,78,537,3461,3998,-148,16,19546,4083,0.0,0.0,27627,301568,186933.0,3714,1808.0,7
2020-05-28,Emilia-Romagna,449,77,526,3224,3750,-248,74,19857,4094,0.0,0.0,27701,310696,191112.0,9128,4179.0,11
2020-05-29,Emilia-Romagna,429,76,505,3059,3564,-186,38,20073,4102,0.0,0.0,27739,316909,193318.0,6213,2206.0,8
2020-05-30,Emilia-Romagna,398,65,463,2816,3279,-285,20,20373,4107,0.0,0.0,27759,321373,195492.0,4464,2174.0,5
2020-05-31,Emilia-Romagna,393,57,450,2713,3163,-116,31,20513,4114,0.0,0.0,27790,325482,197423.0,4109,1931.0,7
2020-06-01,Emilia-Romagna,383,54,437,2631,3068,-95,19,20617,4124,0.0,0.0,27809,329358,198884.0,3876,1461.0,10
2020-06-02,Emilia-Romagna,358,50,408,2504,2912,-156,19,20780,4136,0.0,0.0,27828,333629,201267.0,4271,2383.0,12
2020-06-03,Emilia-Romagna,342,50,392,2447,2839,-73,14,20856,4147,0.0,0.0,27842,336630,202506.0,3001,1239.0,11
2020-06-04,Emilia-Romagna,320,49,369,2319,2688,-151,18,21018,4154,0.0,0.0,27860,341710,204614.0,5080,2108.0,7
2020-06-05,Emilia-Romagna,281,38,319,2193,2512,-176,17,21198,4167,0.0,0.0,27877,347146,207533.0,5436,2919.0,13
2020-06-06,Emilia-Romagna,256,35,291,2125,2416,-96,17,21307,4171,0.0,0.0,27894,351146,210719.0,4000,3186.0,4
2020-06-07,Emilia-Romagna,245,32,277,2051,2328,-88,14,21405,4175,0.0,0.0,27908,355952,213979.0,4806,3260.0,4
2020-06-08,Emilia-Romagna,239,31,270,2012,2282,-46,20,21467,4179,0.0,0.0,27928,360962,215416.0,5010,1437.0,4
2020-06-09,Emilia-Romagna,226,31,257,1899,2156,-126,18,21605,4185,0.0,0.0,27946,367485,218890.0,6523,3474.0,6
2020-06-10,Emilia-Romagna,228,25,253,1808,2061,-95,24,21717,4192,0.0,0.0,27970,375278,223413.0,7793,4523.0,7
2020-06-11,Emilia-Romagna,216,18,234,1766,2000,-61,25,21803,4192,0.0,0.0,27995,385220,227500.0,9942,4087.0,0
2020-06-12,Emilia-Romagna,200,17,217,1600,1817,-183,33,22015,4196,0.0,0.0,28028,393539,231752.0,8319,4252.0,4
2020-06-13,Emilia-Romagna,192,15,207,1520,1727,-90,28,22130,4199,0.0,0.0,28056,400902,237236.0,7363,5484.0,3
2020-06-14,Emilia-Romagna,192,14,206,1431,1637,-90,17,22232,4204,0.0,0.0,28073,407039,241833.0,6137,4597.0,5
2020-06-15,Emilia-Romagna,188,13,201,1299,1500,-137,11,22377,4207,0.0,0.0,28084,410984,244630.0,3945,2797.0,3
2020-06-16,Emilia-Romagna,180,11,191,1214,1405,-95,13,22483,4209,0.0,0.0,28097,417184,247911.0,6200,3281.0,2
2020-06-17,Emilia-Romagna,173,11,184,1161,1345,-60,14,22551,4215,0.0,0.0,28111,426730,252139.0,9546,4228.0,6
2020-06-18,Emilia-Romagna,159,11,170,1111,1281,-64,32,22643,4219,0.0,0.0,28143,435351,256490.0,8621,4351.0,4
2020-06-19,Emilia-Romagna,145,11,156,1063,1219,-62,27,22727,4224,0.0,0.0,28170,443301,261017.0,7950,4527.0,5
2020-06-20,Emilia-Romagna,140,11,151,1056,1207,-12,28,22761,4230,0.0,0.0,28198,449616,266062.0,6315,5045.0,6
2020-06-21,Emilia-Romagna,131,12,143,1029,1172,-35,23,22818,4231,0.0,0.0,28221,453854,270279.0,4238,4217.0,1
2020-06-22,Emilia-Romagna,129,12,141,1013,1154,-18,22,22854,4235,0.0,0.0,28243,455992,271706.0,2138,1427.0,4
2020-06-23,Emilia-Romagna,121,12,133,956,1089,-65,17,22935,4236,0.0,0.0,28260,460600,273800.0,4608,2094.0,1
2020-06-24,Emilia-Romagna,117,12,129,945,1074,-15,44,22985,4245,0.0,0.0,28304,466612,277700.0,6012,3900.0,9
2020-06-25,Emilia-Romagna,114,11,125,943,1068,-6,47,23034,4249,27949.0,402.0,28351,474450,282325.0,7838,4625.0,4
2020-06-26,Emilia-Romagna,109,12,121,923,1044,-24,46,23097,4252,27944.0,449.0,28393,478941,285701.0,4491,3376.0,3
2020-06-27,Emilia-Romagna,106,11,117,924,1041,-3,42,23142,4252,27951.0,484.0,28435,483309,288719.0,4368,3018.0,0
2020-06-28,Emilia-Romagna,108,12,120,922,1042,1,21,23161,4253,27956.0,500.0,28456,486730,291041.0,3421,2322.0,1
2020-06-29,Emilia-Romagna,111,12,123,909,1032,-10,16,23185,4255,27961.0,511.0,28472,489451,292851.0,2721,1810.0,2
2020-06-30,Emilia-Romagna,108,12,120,890,1010,-22,20,23222,4260,27965.0,527.0,28492,495544,296112.0,6093,3261.0,5
2020-07-01,Emilia-Romagna,104,10,114,888,1002,-8,16,23242,4264,27970.0,538.0,28508,499426,298840.0,3882,2728.0,4
2020-07-02,Emilia-Romagna,96,9,105,898,1003,1,27,23267,4265,27981.0,554.0,28535,504288,301588.0,4862,2748.0,1
2020-07-03,Emilia-Romagna,87,9,96,915,1011,8,27,23284,4267,27990.0,572.0,28562,508691,304202.0,4403,2614.0,2
2020-07-04,Emilia-Romagna,88,8,96,941,1037,26,51,23309,4267,28001.0,612.0,28613,514204,307615.0,5513,3413.0,0
2020-07-05,Emilia-Romagna,88,9,97,932,1029,-8,24,23340,4268,28012.0,625.0,28637,517215,309970.0,3011,2355.0,1
2020-07-06,Emilia-Romagna,90,9,99,965,1064,35,38,23343,4268,28017.0,658.0,28675,519586,311431.0,2371,1461.0,0
2020-07-07,Emilia-Romagna,98,10,108,952,1060,-4,31,23377,4269,28028.0,678.0,28706,526212,314717.0,6626,3286.0,1
2020-07-08,Emilia-Romagna,99,10,109,962,1071,11,49,23415,4269,28041.0,714.0,28755,531089,317517.0,4877,2800.0,0
2020-07-09,Emilia-Romagna,96,10,106,960,1066,-5,29,23434,4269,28038.0,731.0,28769,536432,320516.0,5343,2999.0,0
2020-07-10,Emilia-Romagna,96,10,106,1007,1113,47,53,23440,4269,28050.0,772.0,28822,540614,322910.0,4182,2394.0,0
2020-07-11,Emilia-Romagna,93,10,103,1016,1119,6,47,23481,4269,28068.0,801.0,28869,544888,325438.0,4274,2528.0,0
2020-07-12,Emilia-Romagna,93,10,103,1077,1180,61,71,23491,4269,28091.0,849.0,28940,547863,327651.0,2975,2213.0,0
2020-07-13,Emilia-Romagna,93,9,102,1091,1193,13,18,23496,4269,28096.0,862.0,28958,549870,328603.0,2007,952.0,0
2020-07-14,Emilia-Romagna,93,9,102,1087,1189,-4,13,23511,4271,28103.0,868.0,28971,554781,330870.0,4911,2267.0,2
2020-07-15,Emilia-Romagna,88,9,97,1073,1170,-19,18,23548,4271,28112.0,877.0,28989,558766,333415.0,3985,2545.0,0
2020-07-16,Emilia-Romagna,88,9,97,1101,1198,28,46,23566,4271,28128.0,907.0,29035,563225,336154.0,4459,2739.0,0
2020-07-17,Emilia-Romagna,87,8,95,1133,1228,30,54,23586,4273,28151.0,936.0,29087,568779,339384.0,5554,3230.0,2
2020-07-18,Emilia-Romagna,85,8,93,1141,1234,6,40,23619,4274,28166.0,961.0,29127,573554,342592.0,4775,3208.0,1
2020-07-19,Emilia-Romagna,81,8,89,1177,1266,32,51,23638,4274,28175.0,1003.0,29178,576284,344582.0,2730,1990.0,0
2020-07-20,Emilia-Romagna,91,6,97,1201,1298,32,42,23645,4277,28190.0,1030.0,29220,578586,346535.0,2302,1953.0,3
2020-07-21,Emilia-Romagna,85,6,91,1206,1297,-1,18,23662,4279,28196.0,1042.0,29238,583968,349522.0,5382,2987.0,2
2020-07-22,Emilia-Romagna,81,7,88,1237,1325,28,57,23689,4281,28212.0,1083.0,29295,591704,352794.0,7736,3272.0,2
2020-07-23,Emilia-Romagna,79,6,85,1265,1350,25,55,23719,4281,28235.0,1115.0,29350,597289,357173.0,5585,4379.0,0
