data,denominazione_regione,ricoverati_con_sintomi,terapia_intensiva,totale_ospedalizzati,isolamento_domiciliare,totale_positivi,variazione_totale_positivi,nuovi_positivi,dimessi_guariti,deceduti,casi_da_sospetto_diagnostico,casi_da_screening,totale_casi,tamponi,casi_testati,nuovi_tamponi,nuovi_casi_testati,nuovi_deceduti
2020-02-24,Liguria,0,0,0,0,0,0,0,0,0,0.0,0.0,0,1,0.0,1,0.0,0
2020-02-25,Liguria,1,0,1,0,1,1,1,0,0,0.0,0.0,1,39,0.0,38,0.0,0
2020-02-26,Liguria,6,0,6,5,11,10,10,0,0,0.0,0.0,11,66,0.0,27,0.0,0
2020-02-27,Liguria,9,0,9,10,19,8,8,0,0,0.0,0.0,19,78,0.0,12,0.0,0
2020-02-28,Liguria,9,0,9,10,19,0,0,0,0,0.0,0.0,19,112,0.0,34,0.0,0
2020-02-29,Liguria,4,1,5,33,38,19,23,4,0,0.0,0.0,42,121,0.0,9,0.0,0
2020-03-01,Liguria,12,1,13,8,21,-17,-17,4,0,0.0,0.0,25,121,0.0,0,0.0,0
2020-03-02,Liguria,12,1,13,5,18,-3,-3,4,0,0.0,0.0,22,121,0.0,0,0.0,0
2020-03-03,Liguria,12,2,14,5,19,1,2,4,1,0.0,0.0,24,121,0.0,0,0.0,1
2020-03-04,Liguria,10,3,13,8,21,2,2,4,1,0.0,0.0,26,133,0.0,12,0.0,0
2020-03-05,Liguria,11,3,14,7,21,0,2,4,3,0.0,0.0,28,146,0.0,13,0.0,2
2020-03-06,Liguria,12,5,17,7,24,3,4,5,3,0.0,0.0,32,229,0.0,83,0.0,0
2020-03-07,Liguria,26,6,32,10,42,18,19,5,4,0.0,0.0,51,331,0.0,102,0.0,1
2020-03-08,Liguria,39,11,50,17,67,25,27,5,6,0.0,0.0,78,401,0.0,70,0.0,2
2020-03-09,Liguria,60,17,77,20,97,30,31,5,7,0.0,0.0,109,611,0.0,210,0.0,1
2020-03-10,Liguria,57,29,86,42,128,31,32,5,8,0.0,0.0,141,694,0.0,83,0.0,1
2020-03-11,Liguria,74,34,108,73,181,53,53,5,8,0.0,0.0,194,1025,0.0,331,0.0,0
2020-03-12,Liguria,100,36,136,107,243,62,80,20,11,0.0,0.0,274,1174,0.0,149,0.0,3
2020-03-13,Liguria,128,44,172,132,304,61,71,24,17,0.0,0.0,345,1442,0.0,268,0.0,6
2020-03-14,Liguria,213,62,275,109,384,80,118,52,27,0.0,0.0,463,1750,0.0,308,0.0,10
2020-03-15,Liguria,253,66,319,174,493,109,96,33,33,0.0,0.0,559,1973,0.0,223,0.0,6
2020-03-16,Liguria,255,73,328,247,575,82,108,42,50,0.0,0.0,667,2189,0.0,216,0.0,17
2020-03-17,Liguria,299,85,384,277,661,86,111,57,60,0.0,0.0,778,2509,0.0,320,0.0,10
2020-03-18,Liguria,401,100,501,243,744,83,109,70,73,0.0,0.0,887,2912,0.0,403,0.0,13
2020-03-19,Liguria,491,112,603,280,883,139,172,85,91,0.0,0.0,1059,3348,0.0,436,0.0,18
2020-03-20,Liguria,573,121,694,307,1001,118,162,101,119,0.0,0.0,1221,3794,0.0,446,0.0,28
2020-03-21,Liguria,598,129,727,432,1159,158,215,125,152,0.0,0.0,1436,4304,0.0,510,0.0,33
2020-03-22,Liguria,736,132,868,483,1351,192,229,143,171,0.0,0.0,1665,4995,0.0,691,0.0,19
2020-03-23,Liguria,761,133,894,659,1553,202,259,159,212,0.0,0.0,1924,5538,0.0,543,0.0,41
2020-03-24,Liguria,803,147,950,742,1692,139,192,193,231,0.0,0.0,2116,5992,0.0,454,0.0,19
2020-03-25,Liguria,927,147,1074,752,1826,134,189,225,254,0.0,0.0,2305,6602,0.0,610,0.0,23
2020-03-26,Liguria,998,154,1152,875,2027,201,262,260,280,0.0,0.0,2567,7304,0.0,702,0.0,26
2020-03-27,Liguria,1023,157,1180,880,2060,33,129,305,331,0.0,0.0,2696,7804,0.0,500,0.0,51
2020-03-28,Liguria,1031,167,1198,888,2086,26,126,378,358,0.0,0.0,2822,8177,0.0,373,0.0,27
2020-03-29,Liguria,1077,166,1243,1036,2279,193,254,420,377,0.0,0.0,3076,9100,0.0,923,0.0,19
2020-03-30,Liguria,1142,175,1317,1066,2383,104,141,437,397,0.0,0.0,3217,9677,0.0,577,0.0,20
2020-03-31,Liguria,1153,179,1332,1176,2508,125,199,480,428,0.0,0.0,3416,10376,0.0,699,0.0,31
2020-04-01,Liguria,1114,179,1293,1352,2645,137,244,555,460,0.0,0.0,3660,11334,0.0,958,0.0,32
2020-04-02,Liguria,1120,172,1292,1368,2660,15,122,634,488,0.0,0.0,3782,12069,0.0,735,0.0,28
2020-04-03,Liguria,1147,173,1320,1426,2746,86,183,700,519,0.0,0.0,3965,12934,0.0,865,0.0,31
2020-04-04,Liguria,1121,169,1290,1604,2894,148,238,767,542,0.0,0.0,4203,14087,0.0,1153,0.0,23
2020-04-05,Liguria,1126,165,1291,1802,3093,199,246,800,556,0.0,0.0,4449,15047,0.0,960,0.0,14
2020-04-06,Liguria,1141,162,1303,1814,3117,24,100,837,595,0.0,0.0,4549,15533,0.0,486,0.0,39
2020-04-07,Liguria,1090,156,1246,1966,3212,95,208,925,620,0.0,0.0,4757,16579,0.0,1046,0.0,25
2020-04-08,Liguria,1109,153,1262,1983,3245,33,149,1007,654,0.0,0.0,4906,17521,0.0,942,0.0,34
2020-04-09,Liguria,1103,154,1257,1996,3253,8,114,1085,682,0.0,0.0,5020,18446,0.0,925,0.0,28
2020-04-10,Liguria,1076,151,1227,2074,3301,48,171,1181,709,0.0,0.0,5191,19514,0.0,1068,0.0,27
2020-04-11,Liguria,1003,146,1149,2184,3333,32,185,1309,734,0.0,0.0,5376,20888,0.0,1374,0.0,25
2020-04-12,Liguria,1032,144,1176,2157,3333,0,118,1412,749,0.0,0.0,5494,21983,0.0,1095,0.0,15
2020-04-13,Liguria,1088,138,1226,2139,3365,32,102,1471,760,0.0,0.0,5596,23129,0.0,1146,0.0,11
2020-04-14,Liguria,967,133,1100,2366,3466,101,212,1549,793,0.0,0.0,5808,24446,0.0,1317,0.0,33
2020-04-15,Liguria,959,120,1079,2385,3464,-2,128,1665,807,0.0,0.0,5936,25793,0.0,1347,0.0,14
2020-04-16,Liguria,957,103,1060,2377,3437,-27,103,1774,828,0.0,0.0,6039,26945,0.0,1152,0.0,21
2020-04-17,Liguria,897,105,1002,2457,3459,22,149,1863,866,0.0,0.0,6188,28181,0.0,1236,0.0,38
2020-04-18,Liguria,901,105,1006,2406,3412,-47,113,1992,897,0.0,0.0,6301,29322,0.0,1141,0.0,31
2020-04-19,Liguria,885,101,986,2504,3490,78,227,2110,928,0.0,0.0,6528,31551,21103.0,2229,21103.0,31
2020-04-20,Liguria,878,102,980,2516,3496,6,141,2216,957,0.0,0.0,6669,33007,21979.0,1456,876.0,29
2020-04-21,Liguria,914,94,1008,2455,3463,-33,95,2311,990,0.0,0.0,6764,34186,22670.0,1179,691.0,33
2020-04-22,Liguria,860,92,952,2524,3476,13,154,2420,1022,0.0,0.0,6918,35990,23756.0,1804,1086.0,32
2020-04-23,Liguria,783,91,874,2592,3466,-10,131,2536,1047,0.0,0.0,7049,37842,25045.0,1852,1289.0,25
2020-04-24,Liguria,760,87,847,2590,3437,-29,124,2660,1076,0.0,0.0,7173,39563,26040.0,1721,995.0,29
2020-04-25,Liguria,759,83,842,2591,3433,-4,128,2775,1093,0.0,0.0,7301,41125,26898.0,1562,858.0,17
2020-04-26,Liguria,748,82,830,2650,3480,47,187,2894,1114,0.0,0.0,7488,42607,27852.0,1482,954.0,21
2020-04-27,Liguria,754,83,837,2743,3580,100,154,2934,1128,0.0,0.0,7642,44039,28739.0,1432,887.0,14
2020-04-28,Liguria,718,81,799,2772,3571,-9,130,3060,1141,0.0,0.0,7772,45719,29794.0,1680,1055.0,13
2020-04-29,Liguria,697,70,767,2809,3576,5,117,3161,1152,0.0,0.0,7889,47220,30669.0,1501,875.0,11
2020-04-30,Liguria,676,69,745,2806,3551,-25,104,3275,1167,0.0,0.0,7993,48762,31520.0,1542,851.0,15
2020-05-01,Liguria,666,68,734,2784,3518,-33,133,3424,1184,0.0,0.0,8126,51199,32794.0,2437,1274.0,17
2020-05-02,Liguria,647,68,715,2883,3598,80,186,3519,1195,0.0,0.0,8312,53202,34037.0,2003,1243.0,11
2020-05-03,Liguria,627,68,695,2856,3551,-47,47,3599,1209,0.0,0.0,8359,54492,34613.0,1290,576.0,14
2020-05-04,Liguria,606,72,678,2830,3508,-43,53,3683,1221,0.0,0.0,8412,56092,35443.0,1600,830.0,12
2020-05-05,Liguria,583,68,651,2776,3427,-81,63,3816,1232,0.0,0.0,8475,57622,36150.0,1530,707.0,11
2020-05-06,Liguria,548,59,607,2699,3306,-121,76,4002,1243,0.0,0.0,8551,59693,37177.0,2071,1027.0,11
2020-05-07,Liguria,525,57,582,2666,3248,-58,94,4143,1254,0.0,0.0,8645,61446,38071.0,1753,894.0,11
2020-05-08,Liguria,517,46,563,2613,3176,-72,78,4282,1265,0.0,0.0,8723,63531,39145.0,2085,1074.0,11
2020-05-09,Liguria,501,42,543,2439,2982,-194,15,4480,1276,0.0,0.0,8738,64926,39600.0,1395,455.0,11
2020-05-10,Liguria,481,41,522,2378,2900,-82,50,4607,1281,0.0,0.0,8788,67322,40751.0,2396,1151.0,5
2020-05-11,Liguria,484,38,522,2322,2844,-56,44,4695,1293,0.0,0.0,8832,68814,41535.0,1492,784.0,12
2020-05-12,Liguria,447,35,482,2297,2779,-65,31,4783,1301,0.0,0.0,8863,70159,42200.0,1345,665.0,8
2020-05-13,Liguria,430,35,465,2253,2718,-61,67,4898,1314,0.0,0.0,8930,72174,43272.0,2015,1072.0,13
2020-05-14,Liguria,408,35,443,2217,2660,-58,65,5006,1329,0.0,0.0,8995,74248,44390.0,2074,1118.0,15
2020-05-15,Liguria,385,31,416,2187,2603,-57,65,5121,1336,0.0,0.0,9060,76012,45307.0,1764,917.0,7
2020-05-16,Liguria,369,26,395,2138,2533,-70,51,5232,1346,0.0,0.0,9111,78068,46304.0,2056,997.0,10
2020-05-17,Liguria,360,24,384,2072,2456,-77,48,5348,1355,0.0,0.0,9159,80154,47381.0,2086,1077.0,9
2020-05-18,Liguria,360,23,383,1956,2339,-117,32,5485,1367,0.0,0.0,9191,81485,47984.0,1331,603.0,12
2020-05-19,Liguria,338,22,360,1904,2264,-75,66,5617,1376,0.0,0.0,9257,83593,49038.0,2108,1054.0,9
2020-05-20,Liguria,310,22,332,1846,2178,-86,32,5725,1386,0.0,0.0,9289,85140,49819.0,1547,781.0,10
2020-05-21,Liguria,283,22,305,1770,2075,-103,55,5872,1397,0.0,0.0,9344,87011,50812.0,1871,993.0,11
2020-05-22,Liguria,269,19,288,1620,1908,-167,45,6074,1407,0.0,0.0,9389,89529,51771.0,2518,959.0,10
2020-05-23,Liguria,247,20,267,1467,1734,-174,38,6279,1414,0.0,0.0,9427,91735,52664.0,2206,893.0,7
2020-05-24,Liguria,247,18,265,1359,1624,-110,53,6437,1419,0.0,0.0,9480,93173,53230.0,1438,566.0,5
2020-05-25,Liguria,236,18,254,1302,1556,-68,17,6516,1425,0.0,0.0,9497,94472,53791.0,1299,561.0,6
2020-05-26,Liguria,223,19,242,1196,1438,-118,53,6681,1431,0.0,0.0,9550,96678,54918.0,2206,1127.0,6
2020-05-27,Liguria,205,14,219,1050,1269,-169,39,6882,1438,0.0,0.0,9589,98835,55899.0,2157,981.0,7
2020-05-28,Liguria,198,13,211,934,1145,-124,16,7015,1445,0.0,0.0,9605,100625,56739.0,1790,840.0,7
2020-05-29,Liguria,192,13,205,789,994,-151,14,7173,1452,0.0,0.0,9619,102173,57376.0,1548,637.0,7
2020-05-30,Liguria,186,9,195,586,781,-213,32,7411,1459,0.0,0.0,9651,104892,58665.0,2719,1289.0,7
2020-05-31,Liguria,195,8,203,466,669,-112,12,7529,1465,0.0,0.0,9663,106363,59374.0,1471,709.0,6
2020-06-01,Liguria,191,7,198,413,611,-58,56,7641,1467,0.0,0.0,9719,107787,60117.0,1424,743.0,2
2020-06-02,Liguria,175,7,182,364,546,-65,15,7720,1468,0.0,0.0,9734,109060,60631.0,1273,514.0,1
2020-06-03,Liguria,169,6,175,339,514,-32,17,7764,1473,0.0,0.0,9751,110006,61006.0,946,375.0,5
2020-06-04,Liguria,149,6,155,239,394,-120,21,7899,1479,0.0,0.0,9772,111587,61688.0,1581,682.0,6
2020-06-05,Liguria,142,6,148,96,244,-150,14,8056,1486,0.0,0.0,9786,113329,62417.0,1742,729.0,7
2020-06-06,Liguria,136,4,140,105,245,1,13,8062,1492,0.0,0.0,9799,114887,63119.0,1558,702.0,6
2020-06-07,Liguria,127,5,132,111,243,-2,13,8070,1499,0.0,0.0,9812,116247,63749.0,1360,630.0,7
2020-06-08,Liguria,125,5,130,118,248,5,14,8073,1505,0.0,0.0,9826,117410,64349.0,1163,600.0,6
2020-06-09,Liguria,119,5,124,125,249,1,8,8076,1509,0.0,0.0,9834,118891,65073.0,1481,724.0,4
2020-06-10,Liguria,110,3,113,132,245,-4,20,8096,1513,0.0,0.0,9854,121023,66009.0,2132,936.0,4
2020-06-11,Liguria,107,3,110,140,250,5,10,8100,1514,0.0,0.0,9864,122654,66755.0,1631,746.0,1
2020-06-12,Liguria,103,3,106,143,249,-1,7,8106,1516,0.0,0.0,9871,124320,67544.0,1666,789.0,2
2020-06-13,Liguria,91,3,94,150,244,-5,4,8113,1518,0.0,0.0,9875,125871,68333.0,1551,789.0,2
2020-06-14,Liguria,85,3,88,155,243,-1,4,8115,1521,0.0,0.0,9879,126705,68766.0,834,433.0,3
2020-06-15,Liguria,87,2,89,157,246,3,8,8116,1525,0.0,0.0,9887,127913,69345.0,1208,579.0,4
2020-06-16,Liguria,76,2,78,164,242,-4,4,8120,1529,0.0,0.0,9891,129249,69980.0,1336,635.0,4
2020-06-17,Liguria,73,2,75,169,244,2,5,8120,1532,0.0,0.0,9896,130870,70737.0,1621,757.0,3
2020-06-18,Liguria,70,2,72,174,246,2,7,8121,1536,0.0,0.0,9903,132375,71497.0,1505,760.0,4
2020-06-19,Liguria,66,3,69,180,249,3,7,8121,1540,0.0,0.0,9910,133898,72175.0,1523,678.0,4
2020-06-20,Liguria,61,3,64,186,250,1,10,8125,1545,0.0,0.0,9920,135379,73012.0,1481,837.0,5
2020-06-21,Liguria,59,2,61,187,248,-2,7,8130,1549,0.0,0.0,9927,136647,73566.0,1268,554.0,4
2020-06-22,Liguria,58,1,59,191,250,2,8,8133,1552,0.0,0.0,9935,137579,73979.0,932,413.0,3
2020-06-23,Liguria,61,1,62,193,255,5,4,8131,1553,0.0,0.0,9939,138694,74514.0,1115,535.0,1
2020-06-24,Liguria,59,1,60,201,261,6,1,8124,1555,0.0,0.0,9940,139910,75134.0,1216,620.0,2
2020-06-25,Liguria,56,1,57,202,259,-2,14,8139,1556,9033.0,921.0,9954,141472,75828.0,1562,694.0,1
2020-06-26,Liguria,54,3,57,207,264,5,4,8138,1556,9014.0,944.0,9958,142669,76437.0,1197,609.0,0
2020-06-27,Liguria,49,3,52,216,268,4,5,8138,1557,9013.0,950.0,9963,144156,77180.0,1487,743.0,1
2020-06-28,Liguria,48,3,51,221,272,4,4,8137,1558,9016.0,951.0,9967,145111,77675.0,955,495.0,1
2020-06-29,Liguria,47,3,50,227,277,5,7,8139,1558,9019.0,955.0,9974,145902,78097.0,791,422.0,0
2020-06-30,Liguria,46,3,49,231,280,3,3,8139,1558,9012.0,965.0,9977,147156,78710.0,1254,613.0,0
2020-07-01,Liguria,42,3,45,235,280,0,5,8144,1558,8747.0,1235.0,9982,148585,79497.0,1429,787.0,0
2020-07-02,Liguria,41,3,44,237,281,1,2,8145,1558,8737.0,1247.0,9984,149910,80201.0,1325,704.0,0
2020-07-03,Liguria,40,3,43,240,283,2,3,8146,1558,8723.0,1264.0,9987,151324,80887.0,1414,686.0,0
2020-07-04,Liguria,39,2,41,242,283,0,4,8150,1558,8713.0,1278.0,9991,152888,81739.0,1564,852.0,0
2020-07-05,Liguria,43,3,46,243,289,6,8,8152,1558,8721.0,1278.0,9999,154061,82338.0,1173,599.0,0
2020-07-06,Liguria,46,0,46,243,289,0,2,8154,1558,8712.0,1289.0,10001,154636,82633.0,575,295.0,0
2020-07-07,Liguria,38,0,38,247,285,-4,2,8160,1558,8628.0,1375.0,10003,156101,83387.0,1465,754.0,0
2020-07-08,Liguria,36,1,37,250,287,2,3,8161,1558,8557.0,1449.0,10006,157429,84072.0,1328,685.0,0
2020-07-09,Liguria,34,1,35,243,278,-9,4,8174,1558,8530.0,1480.0,10010,158901,84825.0,1472,753.0,0
2020-07-10,Liguria,25,1,26,238,264,-14,15,8203,1558,8483.0,1542.0,10025,160464,85633.0,1563,808.0,0
2020-07-11,Liguria,26,0,26,227,253,-11,6,8219,1559,8478.0,1553.0,10031,161991,86422.0,1527,789.0,1
2020-07-12,Liguria,25,0,25,214,239,-14,0,8233,1559,8475.0,1556.0,10031,163019,86925.0,1028,503.0,0
2020-07-13,Liguria,24,0,24,194,218,-21,1,8255,1559,8466.0,1566.0,10032,163409,87165.0,390,240.0,0
2020-07-14,Liguria,23,0,23,171,194,-24,6,8283,1561,8459.0,1579.0,10038,164739,87873.0,1330,708.0,2
2020-07-15,Liguria,24,0,24,172,196,2,4,8285,1561,8455.0,1587.0,10042,166213,88611.0,1474,738.0,0
2020-07-16,Liguria,28,0,28,173,201,5,8,8285,1564,8448.0,1602.0,10050,167677,89337.0,1464,726.0,3
2020-07-17,Liguria,29,0,29,157,186,-15,2,8301,1565,8447.0,1605.0,10052,169186,90102.0,1509,765.0,1
2020-07-18,Liguria,28,0,28,172,200,14,18,8305,1565,8462.0,1608.0,10070,170650,90954.0,1464,852.0,0
2020-07-19,Liguria,27,0,27,177,204,4,23,8324,1565,8469.0,1624.0,10093,171613,91468.0,963,514.0,0
2020-07-20,Liguria,28,0,28,157,185,-19,12,8355,1565,8467.0,1638.0,10105,172251,91898.0,638,430.0,0
2020-07-21,Liguria,29,0,29,161,190,5,12,8362,1565,8476.0,1641.0,10117,173705,92795.0,1454,897.0,0
2020-07-22,Liguria,31,0,31,164,195,5,7,8364,1565,8480.0,1644.0,10124,175351,93807.0,1646,1012.0,0
2020-07-23,Liguria,29,0,29,170,199,4,15,8374,1566,8486.0,1653.0,10139,177278,94903.0,1927,1096.0,1
