data,denominazione_regione,ricoverati_con_sintomi,terapia_intensiva,totale_ospedalizzati,isolamento_domiciliare,totale_positivi,variazione_totale_positivi,nuovi_positivi,dimessi_guariti,deceduti,casi_da_sospetto_diagnostico,casi_da_screening,totale_casi,tamponi,casi_testati,nuovi_tamponi,nuovi_casi_testati,nuovi_deceduti
2020-02-24,Lombardia,76,19,95,71,166,0,166,0,6,0.0,0.0,172,1463,0.0,1463,0.0,6
2020-02-25,Lombardia,79,25,104,127,231,65,68,0,9,0.0,0.0,240,3700,0.0,2237,0.0,3
2020-02-26,Lombardia,79,25,104,145,249,18,18,0,9,0.0,0.0,258,3208,0.0,-492,0.0,0
2020-02-27,Lombardia,172,41,213,136,349,100,145,40,14,0.0,0.0,403,3320,0.0,112,0.0,5
2020-02-28,Lombardia,235,47,282,192,474,125,128,40,17,0.0,0.0,531,4835,0.0,1515,0.0,3
2020-02-29,Lombardia,256,80,336,216,552,78,84,40,23,0.0,0.0,615,5723,0.0,888,0.0,6
2020-03-01,Lombardia,406,106,512,375,887,335,369,73,24,0.0,0.0,984,6879,0.0,1156,0.0,1
2020-03-02,Lombardia,478,127,605,472,1077,190,270,139,38,0.0,0.0,1254,7925,0.0,1046,0.0,14
2020-03-03,Lombardia,698,167,865,461,1326,249,266,139,55,0.0,0.0,1520,9577,0.0,1652,0.0,17
2020-03-04,Lombardia,877,209,1086,411,1497,171,300,250,73,0.0,0.0,1820,12138,0.0,2561,0.0,18
2020-03-05,Lombardia,1169,244,1413,364,1777,280,431,376,98,0.0,0.0,2251,12354,0.0,216,0.0,25
2020-03-06,Lombardia,1622,309,1931,77,2008,231,361,469,135,0.0,0.0,2612,13556,0.0,1202,0.0,37
2020-03-07,Lombardia,1661,359,2020,722,2742,734,808,524,154,0.0,0.0,3420,15778,0.0,2222,0.0,19
2020-03-08,Lombardia,2217,399,2616,756,3372,630,769,550,267,0.0,0.0,4189,18534,0.0,2756,0.0,113
2020-03-09,Lombardia,2802,440,3242,1248,4490,1118,1280,646,333,0.0,0.0,5469,20135,0.0,1601,0.0,66
2020-03-10,Lombardia,3319,466,3785,642,4427,-63,322,896,468,0.0,0.0,5791,21479,0.0,1344,0.0,135
2020-03-11,Lombardia,3852,560,4412,1351,5763,1336,1489,900,617,0.0,0.0,7280,25629,0.0,4150,0.0,149
2020-03-12,Lombardia,4247,605,4852,2044,6896,1133,1445,1085,744,0.0,0.0,8725,29534,0.0,3905,0.0,127
2020-03-13,Lombardia,4435,650,5085,2647,7732,836,1095,1198,890,0.0,0.0,9820,32700,0.0,3166,0.0,146
2020-03-14,Lombardia,4898,732,5630,3429,9059,1327,1865,1660,966,0.0,0.0,11685,37138,0.0,4438,0.0,76
2020-03-15,Lombardia,5500,767,6267,3776,10043,984,1587,2011,1218,0.0,0.0,13272,40369,0.0,3231,0.0,252
2020-03-16,Lombardia,6171,823,6994,3867,10861,818,1377,2368,1420,0.0,0.0,14649,43565,0.0,3196,0.0,202
2020-03-17,Lombardia,6953,879,7832,4263,12095,1234,1571,2485,1640,0.0,0.0,16220,46449,0.0,2884,0.0,220
2020-03-18,Lombardia,7285,924,8209,4057,12266,171,1493,3488,1959,0.0,0.0,17713,48983,0.0,2534,0.0,319
2020-03-19,Lombardia,7387,1006,8393,5545,13938,1672,2171,3778,2168,0.0,0.0,19884,52244,0.0,3261,0.0,209
2020-03-20,Lombardia,7735,1050,8785,6635,15420,1482,2380,4295,2549,0.0,0.0,22264,57174,0.0,4930,0.0,381
2020-03-21,Lombardia,8258,1093,9351,8019,17370,1950,3251,5050,3095,0.0,0.0,25515,66730,0.0,9556,0.0,546
2020-03-22,Lombardia,9439,1142,10581,7304,17885,515,1691,5865,3456,0.0,0.0,27206,70598,0.0,3868,0.0,361
2020-03-23,Lombardia,9266,1183,10449,8461,18910,1025,1555,6075,3776,0.0,0.0,28761,73242,0.0,2644,0.0,320
2020-03-24,Lombardia,9711,1194,10905,8963,19868,958,1942,6657,4178,0.0,0.0,30703,76695,0.0,3453,0.0,402
2020-03-25,Lombardia,10026,1236,11262,9329,20591,723,1643,7281,4474,0.0,0.0,32346,81666,0.0,4971,0.0,296
2020-03-26,Lombardia,10681,1263,11944,10245,22189,1598,2543,7839,4861,0.0,0.0,34889,87713,0.0,6047,0.0,387
2020-03-27,Lombardia,11137,1292,12429,11466,23895,1706,2409,8001,5402,0.0,0.0,37298,95860,0.0,8147,0.0,541
2020-03-28,Lombardia,11152,1319,12471,12038,24509,614,2117,8962,5944,0.0,0.0,39415,102503,0.0,6643,0.0,542
2020-03-29,Lombardia,11613,1328,12941,12451,25392,883,1592,9255,6360,0.0,0.0,41007,107398,0.0,4895,0.0,416
2020-03-30,Lombardia,11815,1330,13145,11861,25006,-386,1154,10337,6818,0.0,0.0,42161,111057,0.0,3659,0.0,458
2020-03-31,Lombardia,11883,1324,13207,11917,25124,118,1047,10885,7199,0.0,0.0,43208,114640,0.0,3583,0.0,381
2020-04-01,Lombardia,11927,1342,13269,12496,25765,641,1565,11415,7593,0.0,0.0,44773,121449,0.0,6809,0.0,394
2020-04-02,Lombardia,11762,1351,13113,12763,25876,111,1292,12229,7960,0.0,0.0,46065,128286,0.0,6837,0.0,367
2020-04-03,Lombardia,11802,1381,13183,13006,26189,313,1455,13020,8311,0.0,0.0,47520,135051,0.0,6765,0.0,351
2020-04-04,Lombardia,12002,1326,13328,13892,27220,1031,1598,13242,8656,0.0,0.0,49118,141877,0.0,6826,0.0,345
2020-04-05,Lombardia,12009,1317,13326,14798,28124,904,1337,13426,8905,0.0,0.0,50455,149984,0.0,8107,0.0,249
2020-04-06,Lombardia,11914,1343,13257,15212,28469,345,1079,13863,9202,0.0,0.0,51534,154989,0.0,5005,0.0,297
2020-04-07,Lombardia,11833,1305,13138,15205,28343,-126,791,14498,9484,0.0,0.0,52325,159331,0.0,4342,0.0,282
2020-04-08,Lombardia,11719,1257,12976,15569,28545,202,1089,15147,9722,0.0,0.0,53414,167557,0.0,8226,0.0,238
2020-04-09,Lombardia,11796,1236,13032,16042,29074,529,1388,15706,10022,0.0,0.0,54802,176953,0.0,9396,0.0,300
2020-04-10,Lombardia,11877,1202,13079,16451,29530,456,1246,16280,10238,0.0,0.0,56048,186325,0.0,9372,0.0,216
2020-04-11,Lombardia,12026,1174,13200,17058,30258,728,1544,16823,10511,0.0,0.0,57592,196302,0.0,9977,0.0,273
2020-04-12,Lombardia,11969,1176,13145,18120,31265,1007,1460,17166,10621,0.0,0.0,59052,205832,0.0,9530,0.0,110
2020-04-13,Lombardia,12028,1143,13171,18764,31935,670,1262,17478,10901,0.0,0.0,60314,211092,0.0,5260,0.0,280
2020-04-14,Lombardia,12077,1122,13199,19164,32363,428,1012,17821,11142,0.0,0.0,61326,214870,0.0,3778,0.0,241
2020-04-15,Lombardia,12043,1074,13117,19804,32921,558,827,17855,11377,0.0,0.0,62153,221968,0.0,7098,0.0,235
2020-04-16,Lombardia,11356,1032,12388,20702,33090,169,941,18396,11608,0.0,0.0,63094,232674,0.0,10706,0.0,231
2020-04-17,Lombardia,10627,971,11598,21836,33434,344,1041,18850,11851,0.0,0.0,64135,243513,0.0,10839,0.0,243
2020-04-18,Lombardia,10042,947,10989,23206,34195,761,1246,19136,12050,0.0,0.0,65381,255331,0.0,11818,0.0,199
2020-04-19,Lombardia,10342,922,11264,23233,34497,302,855,19526,12213,0.0,0.0,66236,264155,183757.0,8824,183757.0,163
2020-04-20,Lombardia,10138,901,11039,23548,34587,90,735,20008,12376,0.0,0.0,66971,270486,173333.0,6331,-10424.0,163
2020-04-21,Lombardia,9805,851,10656,23322,33978,-609,960,21374,12579,0.0,0.0,67931,277197,173333.0,6711,0.0,203
2020-04-22,Lombardia,9692,817,10509,23733,34242,264,1161,22110,12740,0.0,0.0,69092,290699,184323.0,13502,10990.0,161
2020-04-23,Lombardia,9192,790,9982,23891,33873,-369,1073,23352,12940,0.0,0.0,70165,302715,190451.0,12016,6128.0,200
2020-04-24,Lombardia,8791,756,9547,24821,34368,495,1091,23782,13106,0.0,0.0,71256,314298,196406.0,11583,5955.0,166
2020-04-25,Lombardia,8489,724,9213,25260,34473,105,713,24227,13269,0.0,0.0,71969,326940,202827.0,12642,6421.0,163
2020-04-26,Lombardia,8481,706,9187,25979,35166,693,920,24398,13325,0.0,0.0,72889,337797,208471.0,10857,5644.0,56
2020-04-27,Lombardia,7525,680,8205,27236,35441,275,590,24589,13449,0.0,0.0,73479,342850,211523.0,5053,3052.0,124
2020-04-28,Lombardia,7280,655,7935,27809,35744,303,869,25029,13575,0.0,0.0,74348,351423,216526.0,8573,5003.0,126
2020-04-29,Lombardia,7120,634,7754,28368,36122,378,786,25333,13679,0.0,0.0,75134,365895,223952.0,14472,7426.0,104
2020-04-30,Lombardia,6834,605,7439,28772,36211,89,598,25749,13772,0.0,0.0,75732,376943,229880.0,11048,5928.0,93
2020-05-01,Lombardia,6628,563,7191,29282,36473,262,737,26136,13860,0.0,0.0,76469,390644,236822.0,13701,6942.0,88
2020-05-02,Lombardia,6529,545,7074,29593,36667,194,533,26146,14189,0.0,0.0,77002,403702,243383.0,13058,6561.0,329
2020-05-03,Lombardia,6609,532,7141,29785,36926,259,526,26371,14231,0.0,0.0,77528,410857,247176.0,7155,3793.0,42
2020-05-04,Lombardia,6414,532,6946,30361,37307,381,577,26504,14294,0.0,0.0,78105,418835,251661.0,7978,4485.0,63
2020-05-05,Lombardia,6201,509,6710,30382,37092,-215,500,27124,14389,0.0,0.0,78605,425290,255292.0,6455,3631.0,95
2020-05-06,Lombardia,6079,480,6559,25194,31753,-5339,764,33005,14611,0.0,0.0,79369,439806,262964.0,14516,7672.0,222
2020-05-07,Lombardia,5848,480,6328,25687,32015,262,720,33329,14745,0.0,0.0,80089,455294,262964.0,15488,0.0,134
2020-05-08,Lombardia,5702,400,6102,25881,31983,-32,634,33901,14839,0.0,0.0,80723,466287,277106.0,10993,14142.0,94
2020-05-09,Lombardia,5535,330,5865,24397,30262,-1721,502,36039,14924,0.0,0.0,81225,477765,282817.0,11478,5711.0,85
2020-05-10,Lombardia,5428,348,5776,24414,30190,-72,282,36331,14986,0.0,0.0,81507,485134,287330.0,7369,4513.0,62
2020-05-11,Lombardia,5397,341,5738,24673,30411,221,364,36406,15054,0.0,0.0,81871,492642,292603.0,7508,5273.0,68
2020-05-12,Lombardia,5222,322,5544,25131,30675,264,1033,37113,15116,0.0,0.0,82904,513244,305152.0,20602,12549.0,62
2020-05-13,Lombardia,5007,307,5314,24718,30032,-643,394,38081,15185,0.0,0.0,83298,524163,310896.0,10919,5744.0,69
2020-05-14,Lombardia,4818,297,5115,24841,29956,-76,522,38568,15296,0.0,0.0,83820,538243,318289.0,14080,7393.0,111
2020-05-15,Lombardia,4705,276,4981,22765,27746,-2210,299,40962,15411,0.0,0.0,84119,550405,325071.0,12162,6782.0,115
2020-05-16,Lombardia,4521,268,4789,22890,27679,-67,399,41389,15450,0.0,0.0,84518,564550,333243.0,14145,8172.0,39
2020-05-17,Lombardia,4480,255,4735,22695,27430,-249,326,41895,15519,0.0,0.0,84844,576359,340164.0,11809,6921.0,69
2020-05-18,Lombardia,4482,252,4734,22339,27073,-357,175,42403,15543,0.0,0.0,85019,581437,343213.0,5078,3049.0,24
2020-05-19,Lombardia,4426,244,4670,22621,27291,218,462,42593,15597,0.0,0.0,85481,596355,353579.0,14918,10366.0,54
2020-05-20,Lombardia,4281,231,4512,22159,26671,-620,294,43442,15662,0.0,0.0,85775,607863,359922.0,11508,6343.0,65
2020-05-21,Lombardia,4119,226,4345,22370,26715,44,316,43649,15727,0.0,0.0,86091,622565,368046.0,14702,8124.0,65
2020-05-22,Lombardia,4028,207,4235,21698,25933,-782,293,44667,15784,0.0,0.0,86384,641593,378934.0,19028,10888.0,57
2020-05-23,Lombardia,4026,199,4225,21405,25630,-303,441,45355,15840,0.0,0.0,86825,658784,389648.0,17191,10714.0,56
2020-05-24,Lombardia,4017,197,4214,21400,25614,-16,285,45656,15840,0.0,0.0,87110,670241,396992.0,11457,7344.0,0
2020-05-25,Lombardia,3721,196,3917,21298,25215,-399,148,46169,15874,0.0,0.0,87258,675882,400252.0,5641,3260.0,34
2020-05-26,Lombardia,3622,183,3805,20672,24477,-738,159,47044,15896,0.0,0.0,87417,685058,405650.0,9176,5398.0,22
2020-05-27,Lombardia,3626,175,3801,20236,24037,-440,384,47810,15954,0.0,0.0,87801,697561,413483.0,12503,7833.0,58
2020-05-28,Lombardia,3470,173,3643,19270,22913,-1124,382,49296,15974,0.0,0.0,88183,713068,422568.0,15507,9085.0,20
2020-05-29,Lombardia,3552,173,3725,18958,22683,-230,354,49842,16012,0.0,0.0,88537,727146,430863.0,14078,8295.0,38
2020-05-30,Lombardia,3307,172,3479,18330,21809,-874,221,50870,16079,0.0,0.0,88758,741447,438415.0,14301,7552.0,67
2020-05-31,Lombardia,3131,170,3301,17695,20996,-813,210,51860,16112,0.0,0.0,88968,753874,445930.0,12427,7515.0,33
2020-06-01,Lombardia,3085,167,3252,17609,20861,-135,50,52026,16131,0.0,0.0,89018,757446,447874.0,3572,1944.0,19
2020-06-02,Lombardia,3021,166,3187,17068,20255,-606,187,52807,16143,0.0,0.0,89205,766122,451502.0,8676,3628.0,12
2020-06-03,Lombardia,2995,131,3126,17098,20224,-31,237,53046,16172,0.0,0.0,89442,777477,458782.0,11355,7280.0,29
2020-06-04,Lombardia,2954,125,3079,17145,20224,0,84,53101,16201,0.0,0.0,89526,780887,460658.0,3410,1876.0,29
2020-06-05,Lombardia,2960,120,3080,16773,19853,-371,402,53853,16222,0.0,0.0,89928,800276,475041.0,19389,14383.0,21
2020-06-06,Lombardia,2840,110,2950,16549,19499,-354,142,54322,16249,0.0,0.0,90070,813972,480566.0,13696,5525.0,27
2020-06-07,Lombardia,2801,107,2908,16512,19420,-79,125,54505,16270,0.0,0.0,90195,821977,485842.0,8005,5276.0,21
2020-06-08,Lombardia,2708,107,2815,16504,19319,-101,194,54768,16302,0.0,0.0,90389,826465,489775.0,4488,3933.0,32
2020-06-09,Lombardia,2660,96,2756,15541,18297,-1022,192,55967,16317,0.0,0.0,90581,836313,496273.0,9848,6498.0,15
2020-06-10,Lombardia,2565,98,2663,15194,17857,-440,99,56474,16349,0.0,0.0,90680,845618,502047.0,9305,5774.0,32
2020-06-11,Lombardia,2488,97,2585,14755,17340,-517,252,57218,16374,0.0,0.0,90932,858994,509853.0,13376,7806.0,25
2020-06-12,Lombardia,2357,97,2454,14570,17024,-316,272,57775,16405,0.0,0.0,91204,873831,519095.0,14837,9242.0,31
2020-06-13,Lombardia,2252,96,2348,14437,16785,-239,210,58201,16428,0.0,0.0,91414,883305,524774.0,9474,5679.0,23
2020-06-14,Lombardia,2116,94,2210,13779,15989,-796,244,59220,16449,0.0,0.0,91658,892641,530683.0,9336,5909.0,21
2020-06-15,Lombardia,2018,94,2112,13864,15976,-13,259,59484,16457,0.0,0.0,91917,899278,534981.0,6637,4298.0,8
2020-06-16,Lombardia,1902,69,1971,13262,15233,-743,143,60361,16466,0.0,0.0,92060,906322,539604.0,7044,4623.0,9
2020-06-17,Lombardia,1796,59,1855,13117,14972,-261,242,60850,16480,0.0,0.0,92302,917881,547133.0,11559,7529.0,14
2020-06-18,Lombardia,1673,60,1733,12914,14647,-325,216,61355,16516,0.0,0.0,92518,929356,554148.0,11475,7015.0,36
2020-06-19,Lombardia,1537,60,1597,12448,14045,-602,157,62096,16534,0.0,0.0,92675,939820,560376.0,10464,6228.0,18
2020-06-20,Lombardia,1401,54,1455,12456,13911,-134,165,62372,16557,0.0,0.0,92840,949134,565933.0,9314,5557.0,23
2020-06-21,Lombardia,1260,53,1313,12530,13843,-68,128,62555,16570,0.0,0.0,92968,956959,570750.0,7825,4817.0,13
2020-06-22,Lombardia,1047,51,1098,12540,13638,-205,143,62900,16573,0.0,0.0,93111,964735,575981.0,7776,5231.0,3
2020-06-23,Lombardia,910,51,961,11942,12903,-735,62,63691,16579,0.0,0.0,93173,971721,580317.0,6986,4336.0,6
2020-06-24,Lombardia,692,48,740,11487,12227,-676,88,64448,16586,0.0,0.0,93261,980820,586567.0,9099,6250.0,7
2020-06-25,Lombardia,622,48,670,11322,11992,-235,170,64831,16608,88676.0,4755.0,93431,990652,592797.0,9832,6230.0,22
2020-06-26,Lombardia,501,47,548,11092,11640,-352,156,65323,16624,88720.0,4867.0,93587,1004753,600985.0,14101,8188.0,16
2020-06-27,Lombardia,415,43,458,10534,10992,-648,77,66046,16626,88764.0,4900.0,93664,1014321,606607.0,9568,5622.0,2
2020-06-28,Lombardia,323,43,366,10581,10947,-45,97,66175,16639,88812.0,4949.0,93761,1022440,611487.0,8119,4880.0,13
2020-06-29,Lombardia,321,43,364,10459,10823,-124,78,66376,16640,88821.0,5018.0,93839,1030431,615813.0,7991,4326.0,1
2020-06-30,Lombardia,297,42,339,9721,10060,-763,62,67197,16644,88687.0,5214.0,93901,1036548,619851.0,6117,4038.0,4
2020-07-01,Lombardia,277,41,318,9620,9938,-122,109,67422,16650,88747.0,5263.0,94010,1044975,625197.0,8427,5346.0,6
2020-07-02,Lombardia,241,41,282,9545,9827,-111,98,67610,16671,88793.0,5315.0,94108,1054415,630993.0,9440,5796.0,21
2020-07-03,Lombardia,241,41,282,9395,9677,-150,115,67871,16675,88834.0,5389.0,94223,1064173,636860.0,9758,5867.0,4
2020-07-04,Lombardia,231,36,267,9159,9426,-251,95,68201,16691,88857.0,5461.0,94318,1074333,642762.0,10160,5902.0,16
2020-07-05,Lombardia,230,36,266,9179,9445,19,98,68274,16697,88891.0,5525.0,94416,1083105,647739.0,8772,4977.0,6
2020-07-06,Lombardia,233,36,269,9223,9492,47,111,68335,16700,88967.0,5560.0,94527,1088960,651688.0,5855,3949.0,3
2020-07-07,Lombardia,229,36,265,8809,9074,-418,53,68793,16713,88988.0,5592.0,94580,1092340,653837.0,3380,2149.0,13
2020-07-08,Lombardia,211,34,245,8215,8460,-614,71,69466,16725,89010.0,5641.0,94651,1103015,660133.0,10675,6296.0,12
2020-07-09,Lombardia,201,31,232,8125,8357,-103,119,69683,16730,89057.0,5713.0,94770,1114827,667911.0,11812,7778.0,5
2020-07-10,Lombardia,190,27,217,8124,8341,-16,135,69828,16736,89120.0,5785.0,94905,1126332,675013.0,11505,7102.0,6
2020-07-11,Lombardia,173,29,202,8010,8212,-129,67,70020,16740,89131.0,5841.0,94972,1133387,679427.0,7055,4414.0,4
2020-07-12,Lombardia,160,31,191,7813,8004,-208,77,70297,16748,89163.0,5886.0,95049,1142932,685763.0,9545,6336.0,8
2020-07-13,Lombardia,168,30,198,7813,8011,7,94,70375,16757,89209.0,5934.0,95143,1149414,689917.0,6482,4154.0,9
2020-07-14,Lombardia,176,27,203,7749,7952,-59,30,70461,16760,89200.0,5973.0,95173,1155050,693556.0,5636,3639.0,3
2020-07-15,Lombardia,177,23,200,7335,7535,-417,63,70936,16765,89240.0,5996.0,95236,1165476,699935.0,10426,6379.0,5
2020-07-16,Lombardia,164,23,187,7322,7509,-26,80,71032,16775,89270.0,6046.0,95316,1176203,706440.0,10727,6505.0,10
2020-07-17,Lombardia,159,22,181,7240,7421,-88,55,71172,16778,89280.0,6091.0,95371,1186114,712261.0,9911,5821.0,3
2020-07-18,Lombardia,149,22,171,7084,7255,-166,88,71416,16788,89332.0,6127.0,95459,1195168,717516.0,9054,5255.0,10
2020-07-19,Lombardia,148,22,170,7070,7240,-15,33,71464,16788,89336.0,6156.0,95492,1202207,721640.0,7039,4124.0,0
2020-07-20,Lombardia,151,21,172,6969,7141,-99,56,71611,16796,89367.0,6181.0,95548,1206495,724365.0,4288,2725.0,8
2020-07-21,Lombardia,151,21,172,6838,7010,-131,34,71775,16797,89382.0,6200.0,95582,1212468,728169.0,5973,3804.0,1
2020-07-22,Lombardia,149,17,166,6809,6975,-35,51,71860,16798,89400.0,6233.0,95633,1217829,733150.0,5361,4981.0,1
2020-07-23,Lombardia,139,17,156,6785,6941,-34,82,71973,16801,89426.0,6289.0,95715,1232915,740405.0,15086,7255.0,3
