data,denominazione_regione,ricoverati_con_sintomi,terapia_intensiva,totale_ospedalizzati,isolamento_domiciliare,totale_positivi,variazione_totale_positivi,nuovi_positivi,dimessi_guariti,deceduti,casi_da_sospetto_diagnostico,casi_da_screening,totale_casi,tamponi,casi_testati,nuovi_tamponi,nuovi_casi_testati,nuovi_deceduti
2020-02-24,Molise,0,0,0,0,0,0,0,0,0,0.0,0.0,0,0,0.0,0,0.0,0
2020-02-25,Molise,0,0,0,0,0,0,0,0,0,0.0,0.0,0,0,0.0,0,0.0,0
2020-02-26,Molise,0,0,0,0,0,0,0,0,0,0.0,0.0,0,0,0.0,0,0.0,0
2020-02-27,Molise,0,0,0,0,0,0,0,0,0,0.0,0.0,0,0,0.0,0,0.0,0
2020-02-28,Molise,0,0,0,0,0,0,0,0,0,0.0,0.0,0,0,0.0,0,0.0,0
2020-02-29,Molise,0,0,0,0,0,0,0,0,0,0.0,0.0,0,0,0.0,0,0.0,0
2020-03-01,Molise,0,0,0,0,0,0,0,0,0,0.0,0.0,0,6,0.0,6,0.0,0
2020-03-02,Molise,0,0,0,0,0,0,0,0,0,0.0,0.0,0,13,0.0,7,0.0,0
2020-03-03,Molise,3,0,3,0,3,3,3,0,0,0.0,0.0,3,13,0.0,0,0.0,0
2020-03-04,Molise,3,0,3,0,3,0,0,0,0,0.0,0.0,3,19,0.0,6,0.0,0
2020-03-05,Molise,4,0,4,3,7,4,4,0,0,0.0,0.0,7,24,0.0,5,0.0,0
2020-03-06,Molise,3,2,5,7,12,5,5,0,0,0.0,0.0,12,104,0.0,80,0.0,0
2020-03-07,Molise,3,2,5,9,14,2,2,0,0,0.0,0.0,14,112,0.0,8,0.0,0
2020-03-08,Molise,4,2,6,8,14,0,0,0,0,0.0,0.0,14,116,0.0,4,0.0,0
2020-03-09,Molise,4,2,6,8,14,0,0,0,0,0.0,0.0,14,212,0.0,96,0.0,0
2020-03-10,Molise,3,3,6,9,15,1,1,0,0,0.0,0.0,15,225,0.0,13,0.0,0
2020-03-11,Molise,4,3,7,9,16,1,1,0,0,0.0,0.0,16,233,0.0,8,0.0,0
2020-03-12,Molise,4,3,7,9,16,0,0,0,0,0.0,0.0,16,238,0.0,5,0.0,0
2020-03-13,Molise,5,3,8,9,17,1,1,0,0,0.0,0.0,17,243,0.0,5,0.0,0
2020-03-14,Molise,5,3,8,9,17,0,0,0,0,0.0,0.0,17,247,0.0,4,0.0,0
2020-03-15,Molise,3,4,7,10,17,0,0,0,0,0.0,0.0,17,248,0.0,1,0.0,0
2020-03-16,Molise,3,5,8,7,15,-2,4,5,1,0.0,0.0,21,253,0.0,5,0.0,1
2020-03-17,Molise,7,5,12,7,19,4,4,5,1,0.0,0.0,25,301,0.0,48,0.0,0
2020-03-18,Molise,7,6,13,8,21,2,3,6,1,0.0,0.0,28,361,0.0,60,0.0,0
2020-03-19,Molise,19,6,25,13,38,17,18,6,2,0.0,0.0,46,426,0.0,65,0.0,1
2020-03-20,Molise,20,6,26,13,39,1,4,6,5,0.0,0.0,50,426,0.0,0,0.0,3
2020-03-21,Molise,21,6,27,20,47,8,11,7,7,0.0,0.0,61,449,0.0,23,0.0,2
2020-03-22,Molise,24,7,31,21,52,5,5,7,7,0.0,0.0,66,532,0.0,83,0.0,0
2020-03-23,Molise,25,7,32,18,50,-2,1,10,7,0.0,0.0,67,532,0.0,0,0.0,0
2020-03-24,Molise,27,7,34,21,55,5,6,10,8,0.0,0.0,73,572,0.0,40,0.0,1
2020-03-25,Molise,26,7,33,20,53,-2,0,12,8,0.0,0.0,73,580,0.0,8,0.0,0
2020-03-26,Molise,27,8,35,46,81,28,30,14,8,0.0,0.0,103,670,0.0,90,0.0,0
2020-03-27,Molise,26,9,35,51,86,5,6,14,9,0.0,0.0,109,710,0.0,40,0.0,1
2020-03-28,Molise,26,9,35,63,98,12,14,16,9,0.0,0.0,123,807,0.0,97,0.0,0
2020-03-29,Molise,25,9,34,66,100,2,4,18,9,0.0,0.0,127,918,0.0,111,0.0,0
2020-03-30,Molise,27,8,35,72,107,7,7,18,9,0.0,0.0,134,955,0.0,37,0.0,0
2020-03-31,Molise,29,8,37,80,117,10,10,18,9,0.0,0.0,144,1049,0.0,94,0.0,0
2020-04-01,Molise,32,8,40,91,131,14,16,19,10,0.0,0.0,160,1157,0.0,108,0.0,1
2020-04-02,Molise,30,8,38,95,133,2,5,21,11,0.0,0.0,165,1229,0.0,72,0.0,1
2020-04-03,Molise,31,8,39,105,144,11,11,21,11,0.0,0.0,176,1378,0.0,149,0.0,0
2020-04-04,Molise,31,6,37,134,171,27,30,24,11,0.0,0.0,206,1504,0.0,126,0.0,0
2020-04-05,Molise,33,6,39,148,187,16,18,24,13,0.0,0.0,224,1504,0.0,0,0.0,2
2020-04-06,Molise,34,5,39,148,187,0,0,24,13,0.0,0.0,224,1546,0.0,42,0.0,0
2020-04-07,Molise,35,5,40,145,185,-2,0,26,13,0.0,0.0,224,1581,0.0,35,0.0,0
2020-04-08,Molise,30,4,34,147,181,-4,2,32,13,0.0,0.0,226,2002,0.0,421,0.0,0
2020-04-09,Molise,30,4,34,155,189,8,8,32,13,0.0,0.0,234,2069,0.0,67,0.0,0
2020-04-10,Molise,28,4,32,161,193,4,9,37,13,0.0,0.0,243,2069,0.0,0,0.0,0
2020-04-11,Molise,28,4,32,161,193,0,3,39,14,0.0,0.0,246,2201,0.0,132,0.0,1
2020-04-12,Molise,27,4,31,171,202,9,11,40,15,0.0,0.0,257,2471,0.0,270,0.0,1
2020-04-13,Molise,28,4,32,170,202,0,0,40,15,0.0,0.0,257,2522,0.0,51,0.0,0
2020-04-14,Molise,26,4,30,170,200,-2,0,42,15,0.0,0.0,257,2522,0.0,0,0.0,0
2020-04-15,Molise,27,4,31,175,206,6,6,42,15,0.0,0.0,263,2855,0.0,333,0.0,0
2020-04-16,Molise,25,4,29,174,203,-3,0,44,16,0.0,0.0,263,2967,0.0,112,0.0,1
2020-04-17,Molise,26,4,30,178,208,5,6,45,16,0.0,0.0,269,3082,0.0,115,0.0,0
2020-04-18,Molise,27,4,31,178,209,1,0,44,16,0.0,0.0,269,3082,0.0,0,0.0,0
2020-04-19,Molise,27,4,31,184,215,6,10,47,17,0.0,0.0,279,3584,3482.0,502,3482.0,1
2020-04-20,Molise,27,2,29,184,213,-2,2,50,18,0.0,0.0,281,3783,3683.0,199,201.0,1
2020-04-21,Molise,27,2,29,184,213,0,1,51,18,0.0,0.0,282,4124,4015.0,341,332.0,0
2020-04-22,Molise,21,2,23,182,205,-8,2,60,19,0.0,0.0,284,4425,4252.0,301,237.0,1
2020-04-23,Molise,19,1,20,178,198,-7,0,66,20,0.0,0.0,284,4564,4478.0,139,226.0,1
2020-04-24,Molise,19,1,20,180,200,2,3,67,20,0.0,0.0,287,4805,4718.0,241,240.0,0
2020-04-25,Molise,19,1,20,178,198,-2,5,73,21,0.0,0.0,292,5191,5089.0,386,371.0,1
2020-04-26,Molise,20,1,21,179,200,2,4,75,21,0.0,0.0,296,5567,5334.0,376,245.0,0
2020-04-27,Molise,20,1,21,179,200,0,0,75,21,0.0,0.0,296,5656,5423.0,89,89.0,0
2020-04-28,Molise,18,1,19,176,195,-5,1,81,21,0.0,0.0,297,5776,5538.0,120,115.0,0
2020-04-29,Molise,17,1,18,175,193,-2,0,83,21,0.0,0.0,297,5910,5857.0,134,319.0,0
2020-04-30,Molise,17,1,18,172,190,-3,1,87,21,0.0,0.0,298,6446,6228.0,536,371.0,0
2020-05-01,Molise,17,1,18,172,190,0,2,89,21,0.0,0.0,300,6463,6450.0,17,222.0,0
2020-05-02,Molise,9,1,10,172,182,-8,1,98,21,0.0,0.0,301,7075,6808.0,612,358.0,0
2020-05-03,Molise,8,1,9,172,181,-1,0,98,22,0.0,0.0,301,7075,6808.0,0,0.0,1
2020-05-04,Molise,9,1,10,168,178,-3,0,101,22,0.0,0.0,301,7328,7057.0,253,249.0,0
2020-05-05,Molise,9,1,10,167,177,-1,0,102,22,0.0,0.0,301,7528,7252.0,200,195.0,0
2020-05-06,Molise,9,0,9,170,179,2,3,103,22,0.0,0.0,304,7896,7604.0,368,352.0,0
2020-05-07,Molise,8,0,8,162,170,-9,1,113,22,0.0,0.0,305,8237,7912.0,341,308.0,0
2020-05-08,Molise,6,0,6,178,184,14,22,121,22,0.0,0.0,327,8502,8177.0,265,265.0,0
2020-05-09,Molise,8,0,8,197,205,21,20,120,22,0.0,0.0,347,8691,8375.0,189,198.0,0
2020-05-10,Molise,9,0,9,209,218,13,23,130,22,0.0,0.0,370,9164,9008.0,473,633.0,0
2020-05-11,Molise,11,0,11,218,229,11,13,132,22,0.0,0.0,383,9390,9247.0,226,239.0,0
2020-05-12,Molise,13,1,14,212,226,-3,3,138,22,0.0,0.0,386,9981,9582.0,591,335.0,0
2020-05-13,Molise,9,1,10,221,231,5,15,148,22,0.0,0.0,401,10062,9773.0,81,191.0,0
2020-05-14,Molise,10,1,11,218,229,-2,2,152,22,0.0,0.0,403,10227,10052.0,165,279.0,0
2020-05-15,Molise,8,2,10,217,227,-2,4,158,22,0.0,0.0,407,10468,10281.0,241,229.0,0
2020-05-16,Molise,8,2,10,205,215,-12,3,173,22,0.0,0.0,410,10859,10666.0,391,385.0,0
2020-05-17,Molise,11,2,13,203,216,1,1,173,22,0.0,0.0,411,11085,10892.0,226,226.0,0
2020-05-18,Molise,9,2,11,206,217,1,11,183,22,0.0,0.0,422,11514,11285.0,429,393.0,0
2020-05-19,Molise,9,2,11,201,212,-5,0,188,22,0.0,0.0,422,11592,11354.0,78,69.0,0
2020-05-20,Molise,7,2,9,189,198,-14,0,202,22,0.0,0.0,422,12158,11727.0,566,373.0,0
2020-05-21,Molise,8,2,10,184,194,-4,1,207,22,0.0,0.0,423,12253,11819.0,95,92.0,0
2020-05-22,Molise,8,2,10,174,184,-10,3,220,22,0.0,0.0,426,12616,12173.0,363,354.0,0
2020-05-23,Molise,8,2,10,179,189,5,5,220,22,0.0,0.0,431,13017,12552.0,401,379.0,0
2020-05-24,Molise,6,2,8,175,183,-6,1,227,22,0.0,0.0,432,13226,12751.0,209,199.0,0
2020-05-25,Molise,5,2,7,170,177,-6,0,233,22,0.0,0.0,432,13315,12819.0,89,68.0,0
2020-05-26,Molise,5,2,7,167,174,-3,0,236,22,0.0,0.0,432,13452,12940.0,137,121.0,0
2020-05-27,Molise,3,2,5,161,166,-8,2,246,22,0.0,0.0,434,13629,13087.0,177,147.0,0
2020-05-28,Molise,3,2,5,158,163,-3,1,250,22,0.0,0.0,435,13847,13266.0,218,179.0,0
2020-05-29,Molise,3,2,5,157,162,-1,1,252,22,0.0,0.0,436,14109,13506.0,262,240.0,0
2020-05-30,Molise,3,2,5,151,156,-6,0,258,22,0.0,0.0,436,14371,13734.0,262,228.0,0
2020-05-31,Molise,2,2,4,141,145,-11,0,269,22,0.0,0.0,436,14631,13985.0,260,251.0,0
2020-06-01,Molise,2,2,4,131,135,-10,0,279,22,0.0,0.0,436,14819,14147.0,188,162.0,0
2020-06-02,Molise,3,2,5,128,133,-2,0,281,22,0.0,0.0,436,14951,14278.0,132,131.0,0
2020-06-03,Molise,1,2,3,124,127,-6,0,287,22,0.0,0.0,436,15123,14439.0,172,161.0,0
2020-06-04,Molise,0,2,2,123,125,-2,0,288,23,0.0,0.0,436,15261,15261.0,138,822.0,1
2020-06-05,Molise,0,2,2,120,122,-3,0,291,23,0.0,0.0,436,15568,15568.0,307,307.0,0
2020-06-06,Molise,0,2,2,119,121,-1,0,292,23,0.0,0.0,436,16522,15809.0,954,241.0,0
2020-06-07,Molise,0,2,2,118,120,-1,0,293,23,0.0,0.0,436,16791,16056.0,269,247.0,0
2020-06-08,Molise,0,2,2,117,119,-1,0,294,23,0.0,0.0,436,16966,16224.0,175,168.0,0
2020-06-09,Molise,0,2,2,118,120,1,2,295,23,0.0,0.0,438,17162,16411.0,196,187.0,0
2020-06-10,Molise,0,2,2,118,120,0,1,296,23,0.0,0.0,439,17375,16611.0,213,200.0,0
2020-06-11,Molise,1,1,2,114,116,-4,0,300,23,0.0,0.0,439,17710,16916.0,335,305.0,0
2020-06-12,Molise,1,1,2,112,114,-2,0,302,23,0.0,0.0,439,18112,17279.0,402,363.0,0
2020-06-13,Molise,0,0,0,97,97,-17,0,319,23,0.0,0.0,439,18495,17630.0,383,351.0,0
2020-06-14,Molise,0,0,0,74,74,-23,0,342,23,0.0,0.0,439,18845,17947.0,350,317.0,0
2020-06-15,Molise,0,0,0,70,70,-4,0,346,23,0.0,0.0,439,19125,18214.0,280,267.0,0
2020-06-16,Molise,1,0,1,64,65,-5,0,351,23,0.0,0.0,439,19368,18444.0,243,230.0,0
2020-06-17,Molise,1,0,1,61,62,-3,1,355,23,0.0,0.0,440,19635,18684.0,267,240.0,0
2020-06-18,Molise,1,0,1,59,60,-2,0,357,23,0.0,0.0,440,19984,19006.0,349,322.0,0
2020-06-19,Molise,2,0,2,51,53,-7,1,365,23,0.0,0.0,441,20203,19208.0,219,202.0,0
2020-06-20,Molise,2,0,2,51,53,0,0,365,23,0.0,0.0,441,20441,19445.0,238,237.0,0
2020-06-21,Molise,2,0,2,38,40,-13,0,378,23,0.0,0.0,441,20656,19644.0,215,199.0,0
2020-06-22,Molise,3,0,3,40,43,3,3,378,23,0.0,0.0,444,20752,19740.0,96,96.0,0
2020-06-23,Molise,3,0,3,40,43,0,0,378,23,0.0,0.0,444,20902,19888.0,150,148.0,0
2020-06-24,Molise,2,0,2,41,43,0,0,378,23,0.0,0.0,444,21265,20247.0,363,359.0,0
2020-06-25,Molise,2,0,2,34,36,-7,0,385,23,444.0,0.0,444,21492,20460.0,227,213.0,0
2020-06-26,Molise,1,0,1,28,29,-7,1,393,23,444.0,1.0,445,22008,20958.0,516,498.0,0
2020-06-27,Molise,0,0,0,26,26,-3,0,396,23,444.0,1.0,445,22233,21165.0,225,207.0,0
2020-06-28,Molise,0,0,0,26,26,0,0,396,23,444.0,1.0,445,22399,21325.0,166,160.0,0
2020-06-29,Molise,0,0,0,26,26,0,0,396,23,444.0,1.0,445,22474,21400.0,75,75.0,0
2020-06-30,Molise,0,0,0,25,25,-1,0,397,23,444.0,1.0,445,22660,21585.0,186,185.0,0
2020-07-01,Molise,0,0,0,25,25,0,0,397,23,444.0,1.0,445,22886,21809.0,226,224.0,0
2020-07-02,Molise,0,0,0,21,21,-4,0,401,23,444.0,1.0,445,23115,22013.0,229,204.0,0
2020-07-03,Molise,0,0,0,21,21,0,0,401,23,444.0,1.0,445,23262,22167.0,147,154.0,0
2020-07-04,Molise,0,0,0,21,21,0,0,401,23,444.0,1.0,445,23399,22303.0,137,136.0,0
2020-07-05,Molise,0,0,0,21,21,0,0,401,23,444.0,1.0,445,23529,22432.0,130,129.0,0
2020-07-06,Molise,0,0,0,21,21,0,0,401,23,444.0,1.0,445,23616,22519.0,87,87.0,0
2020-07-07,Molise,0,0,0,18,18,-3,0,404,23,444.0,1.0,445,23800,22691.0,184,172.0,0
2020-07-08,Molise,0,0,0,17,17,-1,0,405,23,444.0,1.0,445,23963,22851.0,163,160.0,0
2020-07-09,Molise,0,0,0,15,15,-2,0,407,23,444.0,1.0,445,24149,23033.0,186,182.0,0
2020-07-10,Molise,0,0,0,15,15,0,0,407,23,444.0,1.0,445,24295,23177.0,146,144.0,0
2020-07-11,Molise,0,0,0,12,12,-3,0,410,23,444.0,1.0,445,24446,23324.0,151,147.0,0
2020-07-12,Molise,1,0,1,12,13,1,1,410,23,444.0,2.0,446,24647,23519.0,201,195.0,0
2020-07-13,Molise,1,0,1,12,13,0,0,410,23,444.0,2.0,446,24710,23582.0,63,63.0,0
2020-07-14,Molise,1,0,1,8,9,-4,0,414,23,444.0,2.0,446,24875,23741.0,165,159.0,0
2020-07-15,Molise,1,0,1,8,9,0,0,414,23,444.0,2.0,446,25037,23903.0,162,162.0,0
2020-07-16,Molise,1,0,1,8,9,0,0,414,23,444.0,2.0,446,25218,24081.0,181,178.0,0
2020-07-17,Molise,1,0,1,7,8,-1,0,415,23,444.0,2.0,446,25381,24242.0,163,161.0,0
2020-07-18,Molise,1,0,1,7,8,0,0,415,23,444.0,2.0,446,25586,24446.0,205,204.0,0
2020-07-19,Molise,1,0,1,7,8,0,0,415,23,444.0,2.0,446,25677,24537.0,91,91.0,0
2020-07-20,Molise,1,0,1,7,8,0,0,415,23,444.0,2.0,446,25745,24605.0,68,68.0,0
2020-07-21,Molise,1,0,1,7,8,0,0,415,23,444.0,2.0,446,25908,24768.0,163,163.0,0
2020-07-22,Molise,1,0,1,10,11,3,4,416,23,444.0,6.0,450,26026,24883.0,118,115.0,0
2020-07-23,Molise,0,0,0,17,17,6,9,419,23,457.0,2.0,459,26334,25185.0,308,302.0,0
