data,denominazione_regione,ricoverati_con_sintomi,terapia_intensiva,totale_ospedalizzati,isolamento_domiciliare,totale_positivi,variazione_totale_positivi,nuovi_positivi,dimessi_guariti,deceduti,casi_da_sospetto_diagnostico,casi_da_screening,totale_casi,tamponi,casi_testati,nuovi_tamponi,nuovi_casi_testati,nuovi_deceduti
2020-02-24,Piemonte,2,0,2,1,3,0,3,0,0,0.0,0.0,3,141,0.0,141,0.0,0
2020-02-25,Piemonte,2,0,2,1,3,0,0,0,0,0.0,0.0,3,141,0.0,0,0.0,0
2020-02-26,Piemonte,2,0,2,1,3,0,0,0,0,0.0,0.0,3,156,0.0,15,0.0,0
2020-02-27,Piemonte,2,0,2,0,2,-1,-1,0,0,0.0,0.0,2,156,0.0,0,0.0,0
2020-02-28,Piemonte,7,0,7,4,11,9,9,0,0,0.0,0.0,11,227,0.0,71,0.0,0
2020-02-29,Piemonte,7,0,7,4,11,0,0,0,0,0.0,0.0,11,308,0.0,81,0.0,0
2020-03-01,Piemonte,11,2,13,36,49,38,38,0,0,0.0,0.0,49,362,0.0,54,0.0,0
2020-03-02,Piemonte,12,2,14,37,51,2,2,0,0,0.0,0.0,51,434,0.0,72,0.0,0
2020-03-03,Piemonte,13,3,16,40,56,5,5,0,0,0.0,0.0,56,458,0.0,24,0.0,0
2020-03-04,Piemonte,26,13,39,43,82,26,26,0,0,0.0,0.0,82,543,0.0,85,0.0,0
2020-03-05,Piemonte,43,17,60,46,106,24,26,0,2,0.0,0.0,108,543,0.0,0,0.0,2
2020-03-06,Piemonte,57,30,87,52,139,33,35,0,4,0.0,0.0,143,793,0.0,250,0.0,2
2020-03-07,Piemonte,110,38,148,54,202,63,64,0,5,0.0,0.0,207,1046,0.0,253,0.0,1
2020-03-08,Piemonte,245,45,290,65,355,153,153,0,5,0.0,0.0,360,1636,0.0,590,0.0,0
2020-03-09,Piemonte,222,50,272,65,337,-18,-10,0,13,0.0,0.0,350,1681,0.0,45,0.0,8
2020-03-10,Piemonte,306,66,372,64,436,99,103,0,17,0.0,0.0,453,2374,0.0,693,0.0,4
2020-03-11,Piemonte,319,75,394,86,480,44,48,0,21,0.0,0.0,501,2431,0.0,57,0.0,4
2020-03-12,Piemonte,368,97,465,89,554,74,79,0,26,0.0,0.0,580,2879,0.0,448,0.0,5
2020-03-13,Piemonte,556,135,691,103,794,240,260,0,46,0.0,0.0,840,3105,0.0,226,0.0,20
2020-03-14,Piemonte,538,150,688,126,814,20,33,0,59,0.0,0.0,873,3680,0.0,575,0.0,13
2020-03-15,Piemonte,726,171,897,133,1030,216,238,0,81,0.0,0.0,1111,4375,0.0,695,0.0,22
2020-03-16,Piemonte,1045,186,1231,174,1405,375,405,0,111,0.0,0.0,1516,5588,0.0,1213,0.0,30
2020-03-17,Piemonte,1378,206,1584,180,1764,359,381,0,133,0.0,0.0,1897,6543,0.0,955,0.0,22
2020-03-18,Piemonte,1780,227,2007,180,2187,423,444,0,154,0.0,0.0,2341,7516,0.0,973,0.0,21
2020-03-19,Piemonte,2279,257,2536,218,2754,567,591,3,175,0.0,0.0,2932,8853,0.0,1337,0.0,21
2020-03-20,Piemonte,1541,280,1821,1423,3244,490,529,8,209,0.0,0.0,3461,9975,0.0,1122,0.0,34
2020-03-21,Piemonte,1976,301,2277,1229,3506,262,291,8,238,0.0,0.0,3752,10701,0.0,726,0.0,29
2020-03-22,Piemonte,2118,308,2426,1701,4127,621,668,10,283,0.0,0.0,4420,12701,0.0,2000,0.0,45
2020-03-23,Piemonte,2194,343,2537,1992,4529,402,441,17,315,0.0,0.0,4861,13560,0.0,859,0.0,32
2020-03-24,Piemonte,2404,360,2764,2360,5124,595,654,17,374,0.0,0.0,5515,15469,0.0,1909,0.0,59
2020-03-25,Piemonte,2544,381,2925,2631,5556,432,509,19,449,0.0,0.0,6024,16655,0.0,1186,0.0,75
2020-03-26,Piemonte,2633,408,3041,2909,5950,394,510,135,449,0.0,0.0,6534,18054,0.0,1399,0.0,0
2020-03-27,Piemonte,2852,431,3283,3064,6347,397,558,176,569,0.0,0.0,7092,19705,0.0,1651,0.0,120
2020-03-28,Piemonte,3094,439,3533,3318,6851,504,579,203,617,0.0,0.0,7671,21511,0.0,1806,0.0,48
2020-03-29,Piemonte,2985,443,3428,3840,7268,417,535,254,684,0.0,0.0,8206,24058,0.0,2547,0.0,67
2020-03-30,Piemonte,2985,452,3437,4218,7655,387,506,308,749,0.0,0.0,8712,25478,0.0,1420,0.0,65
2020-03-31,Piemonte,3174,452,3626,4456,8082,427,589,365,854,0.0,0.0,9301,27658,0.0,2180,0.0,105
2020-04-01,Piemonte,3146,453,3599,4871,8470,388,494,439,886,0.0,0.0,9795,30060,0.0,2402,0.0,32
2020-04-02,Piemonte,3341,453,3794,5005,8799,329,558,571,983,0.0,0.0,10353,32100,0.0,2040,0.0,97
2020-04-03,Piemonte,3300,452,3752,5378,9130,331,543,723,1043,0.0,0.0,10896,34281,0.0,2181,0.0,60
2020-04-04,Piemonte,3441,450,3891,5802,9693,563,813,888,1128,0.0,0.0,11709,37181,0.0,2900,0.0,85
2020-04-05,Piemonte,3472,444,3916,6261,10177,484,653,1017,1168,0.0,0.0,12362,38539,0.0,1358,0.0,40
2020-04-06,Piemonte,3484,438,3922,6623,10545,368,562,1128,1251,0.0,0.0,12924,41123,0.0,2584,0.0,83
2020-04-07,Piemonte,3553,432,3985,6719,10704,159,419,1320,1319,0.0,0.0,13343,44121,0.0,2998,0.0,68
2020-04-08,Piemonte,3493,423,3916,7073,10989,285,540,1516,1378,0.0,0.0,13883,48495,0.0,4374,0.0,59
2020-04-09,Piemonte,3514,412,3926,7410,11336,347,639,1732,1454,0.0,0.0,14522,52807,0.0,4312,0.0,76
2020-04-10,Piemonte,3497,394,3891,7685,11576,240,490,1904,1532,0.0,0.0,15012,57457,0.0,4650,0.0,78
2020-04-11,Piemonte,3435,384,3819,8351,12170,594,996,2205,1633,0.0,0.0,16008,62577,0.0,5120,0.0,101
2020-04-12,Piemonte,3429,381,3810,8695,12505,335,652,2426,1729,0.0,0.0,16660,66555,0.0,3978,0.0,96
2020-04-13,Piemonte,3344,379,3723,9042,12765,260,474,2543,1826,0.0,0.0,17134,69170,0.0,2615,0.0,97
2020-04-14,Piemonte,3395,367,3762,9293,13055,290,556,2708,1927,0.0,0.0,17690,71678,0.0,2508,0.0,101
2020-04-15,Piemonte,3338,366,3704,9491,13195,140,539,3019,2015,0.0,0.0,18229,75664,0.0,3986,0.0,88
2020-04-16,Piemonte,3418,346,3764,10019,13783,588,879,3231,2094,0.0,0.0,19108,80708,0.0,5044,0.0,79
2020-04-17,Piemonte,3266,333,3599,10399,13998,215,695,3634,2171,0.0,0.0,19803,86714,0.0,6006,0.0,77
2020-04-18,Piemonte,3271,323,3594,10629,14223,225,661,3989,2252,0.0,0.0,20464,91844,0.0,5130,0.0,81
2020-04-19,Piemonte,3201,305,3506,10964,14470,247,593,4256,2331,0.0,0.0,21057,96569,71644.0,4725,71644.0,79
2020-04-20,Piemonte,3299,301,3600,10957,14557,87,292,4383,2409,0.0,0.0,21349,99669,73192.0,3100,1548.0,78
2020-04-21,Piemonte,3116,293,3409,11402,14811,254,606,4659,2485,0.0,0.0,21955,105434,76406.0,5765,3214.0,76
2020-04-22,Piemonte,3213,273,3486,11636,15122,311,784,5058,2559,0.0,0.0,22739,111513,81176.0,6079,4770.0,74
2020-04-23,Piemonte,3039,261,3300,11852,15152,30,401,5358,2630,0.0,0.0,23140,117970,84648.0,6457,3472.0,71
2020-04-24,Piemonte,2918,257,3175,12216,15391,239,682,5732,2699,0.0,0.0,23822,125300,89392.0,7330,4744.0,69
2020-04-25,Piemonte,2937,238,3175,12327,15502,111,604,6157,2767,0.0,0.0,24426,131107,93325.0,5807,3933.0,68
2020-04-26,Piemonte,2866,214,3080,12439,15519,17,394,6478,2823,0.0,0.0,24820,135142,96977.0,4035,3652.0,56
2020-04-27,Piemonte,2830,214,3044,12464,15508,-11,278,6712,2878,0.0,0.0,25098,139348,99144.0,4206,2167.0,55
2020-04-28,Piemonte,2701,202,2903,12603,15506,-2,352,7008,2936,0.0,0.0,25450,144531,102514.0,5183,3370.0,58
2020-04-29,Piemonte,2637,202,2839,12682,15521,15,411,7337,3003,0.0,0.0,25861,151266,106179.0,6735,3665.0,67
2020-04-30,Piemonte,2621,199,2820,12673,15493,-28,428,7730,3066,0.0,0.0,26289,156534,110157.0,5268,3978.0,63
2020-05-01,Piemonte,2503,181,2684,12878,15562,69,395,8025,3097,0.0,0.0,26684,162568,114786.0,6034,4629.0,31
2020-05-02,Piemonte,2550,178,2728,12991,15719,157,495,8334,3126,0.0,0.0,27179,168479,118814.0,5911,4028.0,29
2020-05-03,Piemonte,2496,169,2665,12973,15638,-81,251,8640,3152,0.0,0.0,27430,172208,121176.0,3729,2362.0,26
2020-05-04,Piemonte,2391,161,2552,13010,15562,-76,192,8874,3186,0.0,0.0,27622,176078,123801.0,3870,2625.0,34
2020-05-05,Piemonte,2307,155,2462,12861,15323,-239,152,9235,3216,0.0,0.0,27774,181316,126685.0,5238,2884.0,30
2020-05-06,Piemonte,2147,150,2297,12561,14858,-465,165,9834,3247,0.0,0.0,27939,188057,131269.0,6741,4584.0,31
2020-05-07,Piemonte,2147,150,2297,12172,14469,-389,196,10384,3282,0.0,0.0,28135,194584,134567.0,6527,3298.0,35
2020-05-08,Piemonte,2013,140,2153,11954,14107,-362,233,10956,3305,0.0,0.0,28368,201183,138830.0,6599,4263.0,23
2020-05-09,Piemonte,2010,143,2153,11781,13934,-173,181,11284,3331,0.0,0.0,28549,205800,141515.0,4617,2685.0,26
2020-05-10,Piemonte,2024,137,2161,11489,13650,-284,116,11648,3367,0.0,0.0,28665,210370,145131.0,4570,3616.0,36
2020-05-11,Piemonte,2021,135,2156,11182,13338,-312,111,12038,3400,0.0,0.0,28776,213783,147318.0,3413,2187.0,33
2020-05-12,Piemonte,1900,136,2036,11148,13184,-154,113,12277,3428,0.0,0.0,28889,218071,149386.0,4288,2068.0,28
2020-05-13,Piemonte,1858,122,1980,10511,12491,-693,169,13107,3460,0.0,0.0,29058,224788,154504.0,6717,5118.0,32
2020-05-14,Piemonte,1775,116,1891,10000,11891,-600,151,13825,3493,0.0,0.0,29209,232682,158112.0,7894,3608.0,33
2020-05-15,Piemonte,1593,108,1701,9412,11113,-778,137,14676,3557,0.0,0.0,29346,239507,161854.0,6825,3742.0,64
2020-05-16,Piemonte,1562,100,1662,9040,10702,-411,137,15187,3594,0.0,0.0,29483,245075,165849.0,5568,3995.0,37
2020-05-17,Piemonte,1620,101,1721,8518,10239,-463,64,15696,3612,0.0,0.0,29547,249371,168295.0,4296,2446.0,18
2020-05-18,Piemonte,1589,99,1688,8186,9874,-365,72,16113,3632,0.0,0.0,29619,253479,170556.0,4108,2261.0,20
2020-05-19,Piemonte,1579,96,1675,7960,9635,-239,108,16413,3679,0.0,0.0,29727,258489,173201.0,5010,2645.0,47
2020-05-20,Piemonte,1513,96,1609,7542,9151,-484,158,17016,3718,0.0,0.0,29885,264624,177088.0,6135,3887.0,39
2020-05-21,Piemonte,1479,83,1562,7148,8710,-441,105,17538,3742,0.0,0.0,29990,271286,179877.0,6662,2789.0,24
2020-05-22,Piemonte,1414,79,1493,6959,8452,-258,87,17868,3757,0.0,0.0,30077,276633,182970.0,5347,3093.0,15
2020-05-23,Piemonte,1291,76,1367,6658,8025,-427,60,18341,3771,0.0,0.0,30137,281897,185963.0,5264,2993.0,14
2020-05-24,Piemonte,1283,75,1358,6345,7703,-322,43,18694,3783,0.0,0.0,30180,285160,188716.0,3263,2753.0,12
2020-05-25,Piemonte,1227,72,1299,6197,7496,-207,48,18934,3798,0.0,0.0,30228,288018,191129.0,2858,2413.0,15
2020-05-26,Piemonte,1162,70,1232,5709,6941,-555,86,19561,3812,0.0,0.0,30314,293473,193954.0,5455,2825.0,14
2020-05-27,Piemonte,1118,68,1186,5278,6464,-477,73,20095,3828,0.0,0.0,30387,298571,196790.0,5098,2836.0,16
2020-05-28,Piemonte,1058,64,1122,4950,6072,-392,58,20535,3838,0.0,0.0,30445,304358,199286.0,5787,2496.0,10
2020-05-29,Piemonte,1029,61,1090,4568,5658,-414,56,20992,3851,0.0,0.0,30501,309497,202227.0,5139,2941.0,13
2020-05-30,Piemonte,988,60,1048,4242,5290,-368,82,21435,3858,0.0,0.0,30583,315828,205102.0,6331,2875.0,7
2020-05-31,Piemonte,973,58,1031,4130,5161,-129,54,21609,3867,0.0,0.0,30637,319133,207714.0,3305,2612.0,9
2020-06-01,Piemonte,904,54,958,4104,5062,-99,21,21720,3876,0.0,0.0,30658,321476,209006.0,2343,1292.0,9
2020-06-02,Piemonte,849,46,895,3933,4828,-234,57,22003,3884,0.0,0.0,30715,325097,211174.0,3621,2168.0,8
2020-06-03,Piemonte,841,44,885,3801,4686,-142,19,22150,3898,0.0,0.0,30734,327206,212012.0,2109,838.0,14
2020-06-04,Piemonte,808,43,851,3705,4556,-130,24,22292,3910,0.0,0.0,30758,331241,214551.0,4035,2539.0,12
2020-06-05,Piemonte,743,40,783,3586,4369,-187,49,22511,3927,0.0,0.0,30807,335814,217032.0,4573,2481.0,17
2020-06-06,Piemonte,684,37,721,3446,4167,-202,38,22744,3934,0.0,0.0,30845,340176,219444.0,4362,2412.0,7
2020-06-07,Piemonte,659,38,697,3265,3962,-205,10,22952,3941,0.0,0.0,30855,343354,221367.0,3178,1923.0,7
2020-06-08,Piemonte,633,36,669,3197,3866,-96,14,23049,3954,0.0,0.0,30869,344924,222000.0,1570,633.0,13
2020-06-09,Piemonte,599,39,638,3033,3671,-195,21,23258,3961,0.0,0.0,30890,348770,224293.0,3846,2293.0,7
2020-06-10,Piemonte,564,35,599,2773,3372,-299,26,23568,3976,0.0,0.0,30916,353737,226874.0,4967,2581.0,15
2020-06-11,Piemonte,544,33,577,2606,3183,-189,42,23787,3988,0.0,0.0,30958,357957,229096.0,4220,2222.0,12
2020-06-12,Piemonte,527,30,557,2340,2897,-286,31,24096,3996,0.0,0.0,30989,361164,230888.0,3207,1792.0,8
2020-06-13,Piemonte,510,27,537,2283,2820,-77,40,24203,4006,0.0,0.0,31029,365223,232980.0,4059,2092.0,10
2020-06-14,Piemonte,517,26,543,2105,2648,-172,30,24399,4012,0.0,0.0,31059,368065,234561.0,2842,1581.0,6
2020-06-15,Piemonte,517,28,545,2059,2604,-44,2,24445,4012,0.0,0.0,31061,369294,234980.0,1229,419.0,0
2020-06-16,Piemonte,472,28,500,1950,2450,-154,29,24622,4018,0.0,0.0,31090,372948,236721.0,3654,1741.0,6
2020-06-17,Piemonte,448,25,473,1912,2385,-65,41,24720,4026,0.0,0.0,31131,377165,238650.0,4217,1929.0,8
2020-06-18,Piemonte,397,25,422,1868,2290,-95,31,24840,4032,0.0,0.0,31162,380395,241279.0,3230,2629.0,6
2020-06-19,Piemonte,363,22,385,1793,2178,-112,26,24971,4039,0.0,0.0,31188,384705,243025.0,4310,1746.0,7
2020-06-20,Piemonte,358,17,375,1713,2088,-90,27,25082,4045,0.0,0.0,31215,387713,244951.0,3008,1926.0,6
2020-06-21,Piemonte,356,19,375,1638,2013,-75,26,25177,4051,0.0,0.0,31241,390209,246075.0,2496,1124.0,6
2020-06-22,Piemonte,346,19,365,1605,1970,-43,7,25223,4055,0.0,0.0,31248,391668,246563.0,1459,488.0,4
2020-06-23,Piemonte,330,18,348,1522,1870,-100,6,25325,4059,0.0,0.0,31254,394940,247598.0,3272,1035.0,4
2020-06-24,Piemonte,334,18,352,1378,1730,-140,22,25480,4066,0.0,0.0,31276,398623,249804.0,3683,2206.0,7
2020-06-25,Piemonte,316,15,331,1350,1681,-49,20,25544,4071,27972.0,3324.0,31296,402181,252094.0,3558,2290.0,5
2020-06-26,Piemonte,307,14,321,1264,1585,-96,15,25649,4077,27693.0,3618.0,31311,406121,253971.0,3940,1877.0,6
2020-06-27,Piemonte,303,12,315,1188,1503,-82,11,25739,4080,27491.0,3831.0,31322,408836,255473.0,2715,1502.0,3
2020-06-28,Piemonte,305,12,317,1178,1495,-8,14,25756,4085,27436.0,3900.0,31336,410813,257049.0,1977,1576.0,5
2020-06-29,Piemonte,283,11,294,1196,1490,-5,2,25761,4087,27422.0,3916.0,31338,411939,257579.0,1126,530.0,2
2020-06-30,Piemonte,267,12,279,1144,1423,-67,11,25836,4090,27273.0,4076.0,31349,415257,259420.0,3318,1841.0,3
2020-07-01,Piemonte,260,11,271,1082,1353,-70,16,25921,4091,27132.0,4233.0,31365,419291,261774.0,4034,2354.0,1
2020-07-02,Piemonte,248,11,259,1040,1299,-54,13,25983,4096,26969.0,4409.0,31378,422647,263385.0,3356,1611.0,5
2020-07-03,Piemonte,235,10,245,1030,1275,-24,16,26019,4100,26872.0,4522.0,31394,425052,264608.0,2405,1223.0,4
2020-07-04,Piemonte,225,9,234,983,1217,-58,11,26086,4102,26713.0,4692.0,31405,427590,266238.0,2538,1630.0,2
2020-07-05,Piemonte,226,9,235,982,1217,0,18,26104,4102,26686.0,4737.0,31423,430300,267961.0,2710,1723.0,0
2020-07-06,Piemonte,210,9,219,989,1208,-9,6,26117,4104,26659.0,4770.0,31429,431761,268189.0,1461,228.0,2
2020-07-07,Piemonte,210,8,218,955,1173,-35,5,26154,4107,26584.0,4850.0,31434,434835,269654.0,3074,1465.0,3
2020-07-08,Piemonte,205,8,213,927,1140,-33,25,26212,4107,26476.0,4983.0,31459,438250,271685.0,3415,2031.0,0
2020-07-09,Piemonte,193,10,203,921,1124,-16,16,26243,4108,26391.0,5084.0,31475,441677,273509.0,3427,1824.0,1
2020-07-10,Piemonte,193,9,202,873,1075,-49,10,26300,4110,26303.0,5182.0,31485,444443,275135.0,2766,1626.0,2
2020-07-11,Piemonte,190,9,199,870,1069,-6,9,26314,4111,26178.0,5316.0,31494,447166,276895.0,2723,1760.0,1
2020-07-12,Piemonte,190,9,199,859,1058,-11,4,26329,4111,26147.0,5351.0,31498,449118,278029.0,1952,1134.0,0
2020-07-13,Piemonte,180,9,189,864,1053,-5,6,26339,4112,26141.0,5363.0,31504,450251,278248.0,1133,219.0,1
2020-07-14,Piemonte,175,9,184,730,914,-139,3,26478,4115,26106.0,5401.0,31507,454092,280065.0,3841,1817.0,3
2020-07-15,Piemonte,163,8,171,716,887,-27,8,26510,4118,26053.0,5462.0,31515,456932,281745.0,2840,1680.0,3
2020-07-16,Piemonte,159,6,165,703,868,-19,7,26536,4118,25982.0,5540.0,31522,460019,283577.0,3087,1832.0,0
2020-07-17,Piemonte,150,6,156,700,856,-12,8,26555,4119,25904.0,5626.0,31530,462863,285503.0,2844,1926.0,1
2020-07-18,Piemonte,150,6,156,691,847,-9,3,26567,4119,25844.0,5689.0,31533,465526,287012.0,2663,1509.0,0
2020-07-19,Piemonte,152,6,158,679,837,-10,3,26580,4119,25823.0,5713.0,31536,467185,288174.0,1659,1162.0,0
2020-07-20,Piemonte,150,6,156,677,833,-4,1,26584,4120,25790.0,5747.0,31537,468990,288837.0,1805,663.0,1
2020-07-21,Piemonte,144,6,150,663,813,-20,8,26609,4123,25744.0,5801.0,31545,472296,290411.0,3306,1574.0,3
2020-07-22,Piemonte,146,6,152,637,789,-24,13,26646,4123,25673.0,5885.0,31558,475380,292191.0,3084,1780.0,0
2020-07-23,Piemonte,144,6,150,635,785,-4,9,26659,4123,25624.0,5943.0,31567,478882,294261.0,3502,2070.0,0
