data,denominazione_regione,ricoverati_con_sintomi,terapia_intensiva,totale_ospedalizzati,isolamento_domiciliare,totale_positivi,variazione_totale_positivi,nuovi_positivi,dimessi_guariti,deceduti,casi_da_sospetto_diagnostico,casi_da_screening,totale_casi,tamponi,casi_testati,nuovi_tamponi,nuovi_casi_testati,nuovi_deceduti
2020-02-24,Sicilia,0,0,0,0,0,0,0,0,0,0.0,0.0,0,5,0.0,5,0.0,0
2020-02-25,Sicilia,1,0,1,2,3,3,3,0,0,0.0,0.0,3,5,0.0,0,0.0,0
2020-02-26,Sicilia,1,0,1,2,3,0,0,0,0,0.0,0.0,3,5,0.0,0,0.0,0
2020-02-27,Sicilia,1,0,1,1,2,-1,1,2,0,0.0,0.0,4,5,0.0,0,0.0,0
2020-02-28,Sicilia,1,0,1,1,2,0,0,2,0,0.0,0.0,4,5,0.0,0,0.0,0
2020-02-29,Sicilia,1,0,1,1,2,0,0,2,0,0.0,0.0,4,6,0.0,1,0.0,0
2020-03-01,Sicilia,1,0,1,6,7,5,5,2,0,0.0,0.0,9,291,0.0,285,0.0,0
2020-03-02,Sicilia,2,0,2,3,5,-2,-2,2,0,0.0,0.0,7,307,0.0,16,0.0,0
2020-03-03,Sicilia,2,0,2,3,5,0,0,2,0,0.0,0.0,7,307,0.0,0,0.0,0
2020-03-04,Sicilia,5,0,5,11,16,11,11,2,0,0.0,0.0,18,367,0.0,60,0.0,0
2020-03-05,Sicilia,5,0,5,11,16,0,0,2,0,0.0,0.0,18,367,0.0,0,0.0,0
2020-03-06,Sicilia,7,0,7,15,22,6,6,2,0,0.0,0.0,24,367,0.0,0,0.0,0
2020-03-07,Sicilia,8,0,8,25,33,11,11,2,0,0.0,0.0,35,643,0.0,276,0.0,0
2020-03-08,Sicilia,18,0,18,33,51,18,18,2,0,0.0,0.0,53,791,0.0,148,0.0,0
2020-03-09,Sicilia,19,0,19,33,52,1,1,2,0,0.0,0.0,54,836,0.0,45,0.0,0
2020-03-10,Sicilia,17,2,19,41,60,8,8,2,0,0.0,0.0,62,955,0.0,119,0.0,0
2020-03-11,Sicilia,23,1,24,57,81,21,21,2,0,0.0,0.0,83,1194,0.0,239,0.0,0
2020-03-12,Sicilia,28,5,33,78,111,30,32,2,2,0.0,0.0,115,1477,0.0,283,0.0,2
2020-03-13,Sicilia,37,7,44,82,126,15,15,2,2,0.0,0.0,130,1950,0.0,473,0.0,0
2020-03-14,Sicilia,42,11,53,97,150,24,26,4,2,0.0,0.0,156,2100,0.0,150,0.0,0
2020-03-15,Sicilia,56,15,71,108,179,29,32,7,2,0.0,0.0,188,2452,0.0,352,0.0,0
2020-03-16,Sicilia,75,20,95,108,203,24,25,8,2,0.0,0.0,213,2653,0.0,201,0.0,0
2020-03-17,Sicilia,86,28,114,112,226,23,24,8,3,0.0,0.0,237,2916,0.0,263,0.0,1
2020-03-18,Sicilia,100,29,129,138,267,41,45,12,3,0.0,0.0,282,3294,0.0,378,0.0,0
2020-03-19,Sicilia,143,36,179,142,321,54,58,15,4,0.0,0.0,340,3961,0.0,667,0.0,1
2020-03-20,Sicilia,168,42,210,169,379,58,68,25,4,0.0,0.0,408,4468,0.0,507,0.0,0
2020-03-21,Sicilia,206,48,254,204,458,79,82,26,6,0.0,0.0,490,4883,0.0,415,0.0,2
2020-03-22,Sicilia,220,55,275,321,596,138,140,26,8,0.0,0.0,630,5580,0.0,697,0.0,2
2020-03-23,Sicilia,250,60,310,371,681,85,91,27,13,0.0,0.0,721,6375,0.0,795,0.0,5
2020-03-24,Sicilia,250,60,310,489,799,118,125,27,20,0.0,0.0,846,7170,0.0,795,0.0,7
2020-03-25,Sicilia,259,80,339,597,936,137,148,33,25,0.0,0.0,994,8312,0.0,1142,0.0,5
2020-03-26,Sicilia,346,68,414,681,1095,159,170,36,33,0.0,0.0,1164,9658,0.0,1346,0.0,8
2020-03-27,Sicilia,425,75,500,658,1158,63,86,53,39,0.0,0.0,1250,11079,0.0,1421,0.0,6
2020-03-28,Sicilia,441,71,512,730,1242,84,109,60,57,0.0,0.0,1359,13096,0.0,2017,0.0,18
2020-03-29,Sicilia,451,71,522,808,1330,88,101,65,65,0.0,0.0,1460,13814,0.0,718,0.0,8
2020-03-30,Sicilia,484,75,559,849,1408,78,95,71,76,0.0,0.0,1555,14758,0.0,944,0.0,11
2020-03-31,Sicilia,503,72,575,917,1492,84,92,74,81,0.0,0.0,1647,15634,0.0,876,0.0,5
2020-04-01,Sicilia,496,72,568,976,1544,52,71,86,88,0.0,0.0,1718,16836,0.0,1202,0.0,7
2020-04-02,Sicilia,503,73,576,1030,1606,62,73,92,93,0.0,0.0,1791,17833,0.0,997,0.0,5
2020-04-03,Sicilia,535,73,608,1056,1664,58,68,94,101,0.0,0.0,1859,18686,0.0,853,0.0,8
2020-04-04,Sicilia,553,74,627,1099,1726,62,73,95,111,0.0,0.0,1932,19896,0.0,1210,0.0,10
2020-04-05,Sicilia,556,76,632,1142,1774,48,62,104,116,0.0,0.0,1994,21904,0.0,2008,0.0,5
2020-04-06,Sicilia,563,74,637,1178,1815,41,52,108,123,0.0,0.0,2046,23464,0.0,1560,0.0,7
2020-04-07,Sicilia,562,73,635,1224,1859,44,51,113,125,0.0,0.0,2097,24857,0.0,1393,0.0,2
2020-04-08,Sicilia,563,65,628,1265,1893,34,62,133,133,0.0,0.0,2159,27438,0.0,2581,0.0,8
2020-04-09,Sicilia,566,63,629,1313,1942,49,73,152,138,0.0,0.0,2232,28742,0.0,1304,0.0,5
2020-04-10,Sicilia,568,62,630,1337,1967,25,70,187,148,0.0,0.0,2302,31156,0.0,2414,0.0,10
2020-04-11,Sicilia,562,58,620,1381,2001,34,62,209,154,0.0,0.0,2364,33787,0.0,2631,0.0,6
2020-04-12,Sicilia,552,53,605,1425,2030,29,52,223,163,0.0,0.0,2416,36098,0.0,2311,0.0,9
2020-04-13,Sicilia,554,51,605,1445,2050,20,42,237,171,0.0,0.0,2458,37311,0.0,1213,0.0,8
2020-04-14,Sicilia,552,53,605,1466,2071,21,43,255,175,0.0,0.0,2501,37877,0.0,566,0.0,4
2020-04-15,Sicilia,541,49,590,1491,2081,10,34,273,181,0.0,0.0,2535,39867,0.0,1990,0.0,6
2020-04-16,Sicilia,525,48,573,1535,2108,27,44,284,187,0.0,0.0,2579,42405,0.0,2538,0.0,6
2020-04-17,Sicilia,521,46,567,1572,2139,31,46,296,190,0.0,0.0,2625,45172,0.0,2767,0.0,3
2020-04-18,Sicilia,526,42,568,1603,2171,32,47,305,196,0.0,0.0,2672,47715,0.0,2543,0.0,6
2020-04-19,Sicilia,522,41,563,1639,2202,31,45,315,200,0.0,0.0,2717,49772,49772.0,2057,49772.0,4
2020-04-20,Sicilia,526,39,565,1645,2210,8,42,346,203,0.0,0.0,2759,51373,51373.0,1601,1601.0,3
2020-04-21,Sicilia,514,37,551,1708,2259,49,76,370,206,0.0,0.0,2835,55093,55093.0,3720,3720.0,3
2020-04-22,Sicilia,500,35,535,1752,2287,28,48,388,208,0.0,0.0,2883,58732,58732.0,3639,3639.0,2
2020-04-23,Sicilia,476,34,510,1791,2301,14,43,412,213,0.0,0.0,2926,62150,62150.0,3418,3418.0,5
2020-04-24,Sicilia,461,32,493,1827,2320,19,55,443,218,0.0,0.0,2981,65165,63626.0,3015,1476.0,5
2020-04-25,Sicilia,452,33,485,1787,2272,-48,39,524,224,0.0,0.0,3020,68251,64892.0,3086,1266.0,6
2020-04-26,Sicilia,445,33,478,1629,2107,-165,35,720,228,0.0,0.0,3055,70104,65689.0,1853,797.0,4
2020-04-27,Sicilia,440,35,475,1648,2123,16,30,731,231,0.0,0.0,3085,70650,66749.0,546,1060.0,3
2020-04-28,Sicilia,428,34,462,1681,2143,20,35,745,232,0.0,0.0,3120,73008,68729.0,2358,1980.0,1
2020-04-29,Sicilia,415,34,449,1696,2145,2,20,763,232,0.0,0.0,3140,75360,71301.0,2352,2572.0,0
2020-04-30,Sicilia,408,33,441,1716,2157,12,26,774,235,0.0,0.0,3166,79669,74541.0,4309,3240.0,3
2020-05-01,Sicilia,399,30,429,1742,2171,14,28,786,237,0.0,0.0,3194,82860,77490.0,3191,2949.0,2
2020-05-02,Sicilia,396,30,426,1760,2186,15,19,787,240,0.0,0.0,3213,84352,77590.0,1492,100.0,3
2020-05-03,Sicilia,383,29,412,1791,2203,17,27,795,242,0.0,0.0,3240,85955,78409.0,1603,819.0,2
2020-05-04,Sicilia,376,27,403,1799,2202,-1,15,809,244,0.0,0.0,3255,87166,79336.0,1211,927.0,2
2020-05-05,Sicilia,367,26,393,1809,2202,0,12,818,247,0.0,0.0,3267,91306,82079.0,4140,2743.0,3
2020-05-06,Sicilia,359,25,384,1817,2201,-1,14,830,250,0.0,0.0,3281,92999,83908.0,1693,1829.0,3
2020-05-07,Sicilia,349,21,370,1757,2127,-74,7,910,251,0.0,0.0,3288,95695,85674.0,2696,1766.0,1
2020-05-08,Sicilia,310,19,329,1798,2127,0,13,921,253,0.0,0.0,3301,98711,88497.0,3016,2823.0,2
2020-05-09,Sicilia,277,17,294,1786,2080,-47,12,977,256,0.0,0.0,3313,101548,90885.0,2837,2388.0,3
2020-05-10,Sicilia,273,16,289,1780,2069,-11,14,1002,256,0.0,0.0,3327,102403,91748.0,855,863.0,0
2020-05-11,Sicilia,271,16,287,1775,2062,-7,12,1020,257,0.0,0.0,3339,103134,92609.0,731,861.0,1
2020-05-12,Sicilia,234,15,249,1662,1911,-151,4,1171,261,0.0,0.0,3343,105017,94034.0,1883,1425.0,4
2020-05-13,Sicilia,212,13,225,1664,1889,-22,11,1203,262,0.0,0.0,3354,107991,96860.0,2974,2826.0,1
2020-05-14,Sicilia,203,12,215,1639,1854,-35,12,1249,263,0.0,0.0,3366,111137,99900.0,3146,3040.0,1
2020-05-15,Sicilia,198,11,209,1551,1760,-94,8,1351,263,0.0,0.0,3374,112929,101487.0,1792,1587.0,0
2020-05-16,Sicilia,159,12,171,1488,1659,-101,8,1458,265,0.0,0.0,3382,114963,103103.0,2034,1616.0,2
2020-05-17,Sicilia,145,13,158,1397,1555,-104,6,1566,267,0.0,0.0,3388,117426,105074.0,2463,1971.0,2
2020-05-18,Sicilia,137,13,150,1389,1539,-16,7,1589,267,0.0,0.0,3395,118859,106277.0,1433,1203.0,0
2020-05-19,Sicilia,125,12,137,1387,1524,-15,8,1611,268,0.0,0.0,3403,122040,109195.0,3181,2918.0,1
2020-05-20,Sicilia,118,11,129,1394,1523,-1,8,1620,268,0.0,0.0,3411,123573,110205.0,1533,1010.0,0
2020-05-21,Sicilia,107,11,118,1404,1522,-1,6,1627,268,0.0,0.0,3417,127348,112329.0,3775,2124.0,0
2020-05-22,Sicilia,103,10,113,1406,1519,-3,4,1634,268,0.0,0.0,3421,129431,114230.0,2083,1901.0,0
2020-05-23,Sicilia,95,9,104,1408,1512,-7,0,1640,269,0.0,0.0,3421,131913,116517.0,2482,2287.0,1
2020-05-24,Sicilia,91,9,100,1353,1453,-59,2,1701,269,0.0,0.0,3423,133249,117242.0,1336,725.0,0
2020-05-25,Sicilia,89,9,98,1335,1433,-20,4,1724,270,0.0,0.0,3427,135261,118208.0,2012,966.0,1
2020-05-26,Sicilia,83,10,93,1337,1430,-3,3,1729,271,0.0,0.0,3430,137682,120206.0,2421,1998.0,1
2020-05-27,Sicilia,73,10,83,1235,1318,-112,5,1845,272,0.0,0.0,3435,140295,122130.0,2613,1924.0,1
2020-05-28,Sicilia,72,8,80,1065,1145,-173,3,2021,272,0.0,0.0,3438,142516,122600.0,2221,470.0,0
2020-05-29,Sicilia,67,7,74,1063,1137,-8,2,2031,272,0.0,0.0,3440,145979,125340.0,3463,2740.0,0
2020-05-30,Sicilia,67,7,74,925,999,-138,2,2170,273,0.0,0.0,3442,148871,127725.0,2892,2385.0,1
2020-05-31,Sicilia,65,7,72,914,986,-13,1,2183,274,0.0,0.0,3443,150054,128717.0,1183,992.0,1
2020-06-01,Sicilia,65,8,73,894,967,-19,0,2202,274,0.0,0.0,3443,151186,129103.0,1132,386.0,0
2020-06-02,Sicilia,62,7,69,897,966,-1,4,2206,275,0.0,0.0,3447,153417,130886.0,2231,1783.0,1
2020-06-03,Sicilia,60,7,67,813,880,-86,0,2292,275,0.0,0.0,3447,154873,131820.0,1456,934.0,0
2020-06-04,Sicilia,57,6,63,816,879,-1,0,2292,276,0.0,0.0,3447,157868,134035.0,2995,2215.0,1
2020-06-05,Sicilia,54,6,60,812,872,-7,1,2300,276,0.0,0.0,3448,160639,136155.0,2771,2120.0,0
2020-06-06,Sicilia,47,7,54,812,866,-6,2,2308,276,0.0,0.0,3450,163432,138343.0,2793,2188.0,0
2020-06-07,Sicilia,42,7,49,813,862,-4,1,2312,277,0.0,0.0,3451,164985,139481.0,1553,1138.0,1
2020-06-08,Sicilia,40,7,47,806,853,-9,1,2321,278,0.0,0.0,3452,165693,140109.0,708,628.0,1
2020-06-09,Sicilia,39,6,45,808,853,0,2,2323,278,0.0,0.0,3454,168562,142495.0,2869,2386.0,0
2020-06-10,Sicilia,40,6,46,807,853,0,1,2324,278,0.0,0.0,3455,171384,144193.0,2822,1698.0,0
2020-06-11,Sicilia,37,5,42,807,849,-4,0,2327,279,0.0,0.0,3455,174429,146290.0,3045,2097.0,1
2020-06-12,Sicilia,34,3,37,804,841,-8,0,2335,279,0.0,0.0,3455,176233,147871.0,1804,1581.0,0
2020-06-13,Sicilia,33,3,36,806,842,1,1,2335,279,0.0,0.0,3456,178319,149516.0,2086,1645.0,0
2020-06-14,Sicilia,32,3,35,802,837,-5,1,2341,279,0.0,0.0,3457,179438,150233.0,1119,717.0,0
2020-06-15,Sicilia,30,4,34,771,805,-32,1,2373,280,0.0,0.0,3458,180327,150982.0,889,749.0,1
2020-06-16,Sicilia,32,4,36,770,806,1,2,2374,280,0.0,0.0,3460,182514,152670.0,2187,1688.0,0
2020-06-17,Sicilia,25,3,28,777,805,-1,2,2377,280,0.0,0.0,3462,184412,154287.0,1898,1617.0,0
2020-06-18,Sicilia,24,3,27,610,637,-168,2,2547,280,0.0,0.0,3464,186253,155903.0,1841,1616.0,0
2020-06-19,Sicilia,21,5,26,124,150,-487,3,2640,280,0.0,0.0,3070,187869,156719.0,1616,816.0,0
2020-06-20,Sicilia,21,5,26,114,140,-10,0,2650,280,0.0,0.0,3070,189938,157946.0,2069,1227.0,0
2020-06-21,Sicilia,20,6,26,115,141,1,2,2651,280,0.0,0.0,3072,191042,158911.0,1104,965.0,0
2020-06-22,Sicilia,20,6,26,115,141,0,0,2651,280,0.0,0.0,3072,192138,159796.0,1096,885.0,0
2020-06-23,Sicilia,17,5,22,110,132,-9,1,2661,280,0.0,0.0,3073,194935,161423.0,2797,1627.0,0
2020-06-24,Sicilia,17,5,22,110,132,0,1,2662,280,0.0,0.0,3074,197279,162675.0,2344,1252.0,0
2020-06-25,Sicilia,17,5,22,108,130,-2,2,2666,280,2748.0,328.0,3076,199545,163991.0,2266,1316.0,0
2020-06-26,Sicilia,18,4,22,107,129,-1,0,2666,281,2748.0,328.0,3076,201836,165403.0,2291,1412.0,1
2020-06-27,Sicilia,20,4,24,106,130,1,1,2666,281,2748.0,329.0,3077,204184,167299.0,2348,1896.0,0
2020-06-28,Sicilia,21,4,25,105,130,0,0,2666,281,2748.0,329.0,3077,205492,168323.0,1308,1024.0,0
2020-06-29,Sicilia,21,3,24,103,127,-3,1,2670,281,2748.0,330.0,3078,206550,169019.0,1058,696.0,0
2020-06-30,Sicilia,19,3,22,106,128,1,2,2670,282,2749.0,331.0,3080,209071,171130.0,2521,2111.0,1
2020-07-01,Sicilia,18,3,21,105,126,-2,1,2673,282,2749.0,332.0,3081,211496,172947.0,2425,1817.0,0
2020-07-02,Sicilia,17,3,20,114,134,8,9,2674,282,2749.0,341.0,3090,214317,174795.0,2821,1848.0,0
2020-07-03,Sicilia,16,2,18,117,135,1,1,2674,282,2749.0,342.0,3091,217147,176956.0,2830,2161.0,0
2020-07-04,Sicilia,15,2,17,121,138,3,3,2674,282,2749.0,345.0,3094,219841,179117.0,2694,2161.0,0
2020-07-05,Sicilia,13,2,15,123,138,0,0,2674,282,2749.0,345.0,3094,221210,180132.0,1369,1015.0,0
2020-07-06,Sicilia,14,2,16,123,139,1,1,2674,282,2749.0,346.0,3095,222176,180811.0,966,679.0,0
2020-07-07,Sicilia,12,0,12,128,140,1,1,2674,282,2749.0,347.0,3096,224783,182429.0,2607,1618.0,0
2020-07-08,Sicilia,7,0,7,120,127,-13,1,2687,283,2749.0,348.0,3097,227239,184302.0,2456,1873.0,1
2020-07-09,Sicilia,6,0,6,122,128,1,1,2687,283,2749.0,349.0,3098,229851,186170.0,2612,1868.0,0
2020-07-10,Sicilia,6,0,6,118,124,-4,0,2691,283,2749.0,349.0,3098,231767,187482.0,1916,1312.0,0
2020-07-11,Sicilia,6,0,6,117,123,-1,1,2693,283,2749.0,350.0,3099,233658,188817.0,1891,1335.0,0
2020-07-12,Sicilia,5,0,5,118,123,0,0,2693,283,2749.0,350.0,3099,235174,189943.0,1516,1126.0,0
2020-07-13,Sicilia,6,0,6,117,123,0,1,2694,283,2749.0,351.0,3100,235954,190293.0,780,350.0,0
2020-07-14,Sicilia,4,0,4,133,137,14,15,2695,283,2753.0,362.0,3115,238702,192474.0,2748,2181.0,0
2020-07-15,Sicilia,4,0,4,133,137,0,0,2695,283,2753.0,362.0,3115,240742,194142.0,2040,1668.0,0
2020-07-16,Sicilia,6,0,6,148,154,17,17,2695,283,2753.0,379.0,3132,243037,195812.0,2295,1670.0,0
2020-07-17,Sicilia,9,0,9,149,158,4,4,2695,283,2753.0,383.0,3136,245437,197335.0,2400,1523.0,0
2020-07-18,Sicilia,14,0,14,148,162,4,4,2695,283,2753.0,387.0,3140,247379,198568.0,1942,1233.0,0
2020-07-19,Sicilia,11,1,12,150,162,0,2,2697,283,2753.0,389.0,3142,248851,199333.0,1472,765.0,0
2020-07-20,Sicilia,10,2,12,145,157,-5,2,2704,283,2753.0,391.0,3144,249824,200038.0,973,705.0,0
2020-07-21,Sicilia,10,2,12,145,157,0,2,2706,283,2753.0,393.0,3146,252477,201700.0,2653,1662.0,0
2020-07-22,Sicilia,10,3,13,148,161,4,7,2709,283,2758.0,395.0,3153,255152,203459.0,2675,1759.0,0
2020-07-23,Sicilia,10,3,13,150,163,2,5,2712,283,2762.0,396.0,3158,257971,205508.0,2819,2049.0,0
