data,denominazione_regione,ricoverati_con_sintomi,terapia_intensiva,totale_ospedalizzati,isolamento_domiciliare,totale_positivi,variazione_totale_positivi,nuovi_positivi,dimessi_guariti,deceduti,casi_da_sospetto_diagnostico,casi_da_screening,totale_casi,tamponi,casi_testati,nuovi_tamponi,nuovi_casi_testati,nuovi_deceduti
2020-02-24,Toscana,0,0,0,0,0,0,0,0,0,0.0,0.0,0,140,0.0,140,0.0,0
2020-02-25,Toscana,2,0,2,0,2,2,2,0,0,0.0,0.0,2,296,0.0,156,0.0,0
2020-02-26,Toscana,2,0,2,0,2,0,0,0,0,0.0,0.0,2,363,0.0,67,0.0,0
2020-02-27,Toscana,2,0,2,0,2,0,0,0,0,0.0,0.0,2,410,0.0,47,0.0,0
2020-02-28,Toscana,5,0,5,2,7,5,6,1,0,0.0,0.0,8,437,0.0,27,0.0,0
2020-02-29,Toscana,7,0,7,3,10,3,3,1,0,0.0,0.0,11,531,0.0,94,0.0,0
2020-03-01,Toscana,7,0,7,5,12,2,2,1,0,0.0,0.0,13,572,0.0,41,0.0,0
2020-03-02,Toscana,7,0,7,5,12,0,0,1,0,0.0,0.0,13,613,0.0,41,0.0,0
2020-03-03,Toscana,10,0,10,8,18,6,6,1,0,0.0,0.0,19,697,0.0,84,0.0,0
2020-03-04,Toscana,15,2,17,20,37,19,19,1,0,0.0,0.0,38,776,0.0,79,0.0,0
2020-03-05,Toscana,26,3,29,31,60,23,23,1,0,0.0,0.0,61,776,0.0,0,0.0,0
2020-03-06,Toscana,35,5,40,38,78,18,18,1,0,0.0,0.0,79,1097,0.0,321,0.0,0
2020-03-07,Toscana,54,7,61,51,112,34,34,1,0,0.0,0.0,113,1331,0.0,234,0.0,0
2020-03-08,Toscana,91,7,98,67,165,53,53,1,0,0.0,0.0,166,1618,0.0,287,0.0,0
2020-03-09,Toscana,107,9,116,90,206,41,42,1,1,0.0,0.0,208,2018,0.0,400,0.0,1
2020-03-10,Toscana,91,40,131,129,260,54,56,3,1,0.0,0.0,264,2573,0.0,555,0.0,0
2020-03-11,Toscana,87,54,141,173,314,54,56,5,1,0.0,0.0,320,2804,0.0,231,0.0,0
2020-03-12,Toscana,100,59,159,193,352,38,44,7,5,0.0,0.0,364,3165,0.0,361,0.0,4
2020-03-13,Toscana,134,77,211,244,455,103,106,10,5,0.0,0.0,470,4049,0.0,884,0.0,0
2020-03-14,Toscana,160,87,247,367,614,159,160,10,6,0.0,0.0,630,4595,0.0,546,0.0,1
2020-03-15,Toscana,175,107,282,481,763,149,151,10,8,0.0,0.0,781,5132,0.0,537,0.0,2
2020-03-16,Toscana,175,107,282,559,841,78,85,11,14,0.0,0.0,866,5910,0.0,778,0.0,6
2020-03-17,Toscana,329,143,472,552,1024,183,187,12,17,0.0,0.0,1053,6727,0.0,817,0.0,3
2020-03-18,Toscana,427,160,587,704,1291,267,277,17,22,0.0,0.0,1330,7606,0.0,879,0.0,5
2020-03-19,Toscana,501,178,679,743,1422,131,152,22,38,0.0,0.0,1482,8873,0.0,1267,0.0,16
2020-03-20,Toscana,601,189,790,923,1713,291,311,33,47,0.0,0.0,1793,10405,0.0,1532,0.0,9
2020-03-21,Toscana,664,202,866,1039,1905,192,219,35,72,0.0,0.0,2012,11909,0.0,1504,0.0,25
2020-03-22,Toscana,706,215,921,1223,2144,239,265,42,91,0.0,0.0,2277,13264,0.0,1355,0.0,19
2020-03-23,Toscana,838,238,1076,1225,2301,157,184,51,109,0.0,0.0,2461,13851,0.0,587,0.0,18
2020-03-24,Toscana,918,244,1162,1357,2519,218,238,51,129,0.0,0.0,2699,15701,0.0,1850,0.0,20
2020-03-25,Toscana,999,251,1250,1526,2776,257,273,54,142,0.0,0.0,2972,17868,0.0,2167,0.0,13
2020-03-26,Toscana,1037,259,1296,1677,2973,197,254,95,158,0.0,0.0,3226,20952,0.0,3084,0.0,16
2020-03-27,Toscana,1053,274,1327,1843,3170,197,224,103,177,0.0,0.0,3450,23746,0.0,2794,0.0,19
2020-03-28,Toscana,1093,277,1370,2141,3511,341,367,108,198,0.0,0.0,3817,25613,0.0,1867,0.0,21
2020-03-29,Toscana,1111,275,1386,2400,3786,275,305,121,215,0.0,0.0,4122,27579,0.0,1966,0.0,17
2020-03-30,Toscana,1116,279,1395,2655,4050,264,290,131,231,0.0,0.0,4412,30099,0.0,2520,0.0,16
2020-03-31,Toscana,1120,293,1413,2813,4226,176,196,138,244,0.0,0.0,4608,33165,0.0,3066,0.0,13
2020-04-01,Toscana,1120,297,1417,3015,4432,206,259,182,253,0.0,0.0,4867,36575,0.0,3410,0.0,9
2020-04-02,Toscana,1135,295,1430,3359,4789,357,406,216,268,0.0,0.0,5273,40724,0.0,4149,0.0,15
2020-04-03,Toscana,1149,288,1437,3472,4909,120,226,300,290,0.0,0.0,5499,44460,0.0,3736,0.0,22
2020-04-04,Toscana,1129,286,1415,3639,5054,145,172,310,307,0.0,0.0,5671,47886,0.0,3426,0.0,17
2020-04-05,Toscana,1111,276,1387,3798,5185,131,176,337,325,0.0,0.0,5847,51006,0.0,3120,0.0,18
2020-04-06,Toscana,1116,279,1395,3906,5301,116,154,350,350,0.0,0.0,6001,52849,0.0,1843,0.0,25
2020-04-07,Toscana,1087,263,1350,4077,5427,126,172,377,369,0.0,0.0,6173,56651,0.0,3802,0.0,19
2020-04-08,Toscana,1066,260,1326,4231,5557,130,206,430,392,0.0,0.0,6379,60985,0.0,4334,0.0,23
2020-04-09,Toscana,1038,256,1294,4409,5703,146,173,441,408,0.0,0.0,6552,65461,0.0,4476,0.0,16
2020-04-10,Toscana,1011,256,1267,4555,5822,119,175,451,454,0.0,0.0,6727,72001,0.0,6540,0.0,46
2020-04-11,Toscana,997,237,1234,4758,5992,170,231,499,467,0.0,0.0,6958,75756,0.0,3755,0.0,13
2020-04-12,Toscana,983,238,1221,4941,6162,170,277,578,495,0.0,0.0,7235,78640,0.0,2884,0.0,28
2020-04-13,Toscana,992,225,1217,5040,6257,95,155,615,518,0.0,0.0,7390,80889,0.0,2249,0.0,23
2020-04-14,Toscana,1002,225,1227,5125,6352,95,137,637,538,0.0,0.0,7527,82269,0.0,1380,0.0,20
2020-04-15,Toscana,977,216,1193,5224,6417,65,139,693,556,0.0,0.0,7666,86348,0.0,4079,0.0,18
2020-04-16,Toscana,940,213,1153,5460,6613,196,277,745,585,0.0,0.0,7943,91651,0.0,5303,0.0,29
2020-04-17,Toscana,898,207,1105,5478,6583,-30,167,925,602,0.0,0.0,8110,96231,0.0,4580,0.0,17
2020-04-18,Toscana,883,198,1081,5389,6470,-113,127,1149,618,0.0,0.0,8237,99903,0.0,3672,0.0,16
2020-04-19,Toscana,852,192,1044,5452,6496,26,135,1239,637,0.0,0.0,8372,103975,84620.0,4072,84620.0,19
2020-04-20,Toscana,850,182,1032,5536,6568,72,135,1272,667,0.0,0.0,8507,105857,85946.0,1882,1326.0,30
2020-04-21,Toscana,833,171,1004,5618,6622,54,96,1295,686,0.0,0.0,8603,109925,87717.0,4068,1771.0,19
2020-04-22,Toscana,820,174,994,5173,6167,-455,97,1828,705,0.0,0.0,8700,114100,91747.0,4175,4030.0,19
2020-04-23,Toscana,791,168,959,5212,6171,4,80,1886,723,0.0,0.0,8780,118177,94426.0,4077,2679.0,18
2020-04-24,Toscana,738,159,897,5236,6133,-38,97,2002,742,0.0,0.0,8877,121336,96180.0,3159,1754.0,19
2020-04-25,Toscana,687,166,853,5293,6146,13,138,2109,760,0.0,0.0,9015,125495,98753.0,4159,2573.0,18
2020-04-26,Toscana,677,158,835,5234,6069,-77,132,2300,778,0.0,0.0,9147,127394,99751.0,1899,998.0,18
2020-04-27,Toscana,671,154,825,5158,5983,-86,32,2401,795,0.0,0.0,9179,129048,100869.0,1654,1118.0,17
2020-04-28,Toscana,619,144,763,5133,5896,-87,52,2524,811,0.0,0.0,9231,133617,103891.0,4569,3022.0,16
2020-04-29,Toscana,576,139,715,4948,5663,-233,61,2802,827,0.0,0.0,9292,137482,106150.0,3865,2259.0,16
2020-04-30,Toscana,546,126,672,4912,5584,-79,60,2926,842,0.0,0.0,9352,141849,108596.0,4367,2446.0,15
2020-05-01,Toscana,520,124,644,4729,5373,-211,93,3218,854,0.0,0.0,9445,146456,111349.0,4607,2753.0,12
2020-05-02,Toscana,519,118,637,4728,5365,-8,80,3297,863,0.0,0.0,9525,148223,112437.0,1767,1088.0,9
2020-05-03,Toscana,513,112,625,4703,5328,-37,38,3363,872,0.0,0.0,9563,150914,114354.0,2691,1917.0,9
2020-05-04,Toscana,512,107,619,4660,5279,-49,38,3441,881,0.0,0.0,9601,152447,115065.0,1533,711.0,9
2020-05-05,Toscana,484,111,595,4595,5190,-89,30,3552,889,0.0,0.0,9631,157260,118265.0,4813,3200.0,8
2020-05-06,Toscana,462,92,554,4534,5088,-102,26,3670,899,0.0,0.0,9657,161553,121066.0,4293,2801.0,10
2020-05-07,Toscana,437,91,528,4188,4716,-372,26,4052,915,0.0,0.0,9683,166062,124295.0,4509,3229.0,16
2020-05-08,Toscana,399,84,483,4109,4592,-124,38,4199,930,0.0,0.0,9721,170296,126752.0,4234,2457.0,15
2020-05-09,Toscana,364,79,443,4005,4448,-144,24,4360,937,0.0,0.0,9745,174596,129382.0,4300,2630.0,7
2020-05-10,Toscana,350,78,428,3719,4147,-301,29,4685,942,0.0,0.0,9774,178208,131788.0,3612,2406.0,5
2020-05-11,Toscana,347,77,424,3649,4073,-74,13,4764,950,0.0,0.0,9787,179469,132464.0,1261,676.0,8
2020-05-12,Toscana,307,72,379,3462,3841,-232,15,5002,959,0.0,0.0,9802,184851,136285.0,5382,3821.0,9
2020-05-13,Toscana,284,72,356,3207,3563,-278,27,5302,964,0.0,0.0,9829,189026,138465.0,4175,2180.0,5
2020-05-14,Toscana,269,68,337,3051,3388,-175,30,5498,973,0.0,0.0,9859,193182,141430.0,4156,2965.0,9
2020-05-15,Toscana,238,67,305,2863,3168,-220,24,5739,976,0.0,0.0,9883,197365,144237.0,4183,2807.0,3
2020-05-16,Toscana,234,66,300,2643,2943,-225,30,5991,979,0.0,0.0,9913,200703,145946.0,3338,1709.0,3
2020-05-17,Toscana,214,67,281,2521,2802,-141,35,6162,984,0.0,0.0,9948,204022,148060.0,3319,2114.0,5
2020-05-18,Toscana,197,66,263,2310,2573,-229,13,6399,989,0.0,0.0,9961,205201,148580.0,1179,520.0,5
2020-05-19,Toscana,190,56,246,2077,2323,-250,7,6653,992,0.0,0.0,9968,209161,151093.0,3960,2513.0,3
2020-05-20,Toscana,178,45,223,1894,2117,-206,14,6867,998,0.0,0.0,9982,214299,154671.0,5138,3578.0,6
2020-05-21,Toscana,169,41,210,1667,1877,-240,18,7119,1004,0.0,0.0,10000,218615,157388.0,4316,2717.0,6
2020-05-22,Toscana,162,42,204,1582,1786,-91,35,7240,1009,0.0,0.0,10035,222505,160266.0,3890,2878.0,5
2020-05-23,Toscana,157,40,197,1569,1766,-20,12,7270,1011,0.0,0.0,10047,226046,162433.0,3541,2167.0,2
2020-05-24,Toscana,148,38,186,1514,1700,-66,15,7349,1013,0.0,0.0,10062,229135,164469.0,3089,2036.0,2
2020-05-25,Toscana,152,37,189,1447,1636,-64,5,7416,1015,0.0,0.0,10067,230273,165114.0,1138,645.0,2
2020-05-26,Toscana,145,34,179,1343,1522,-114,3,7527,1021,0.0,0.0,10070,234796,168150.0,4523,3036.0,6
2020-05-27,Toscana,132,31,163,1297,1460,-62,12,7595,1027,0.0,0.0,10082,238667,170802.0,3871,2652.0,6
2020-05-28,Toscana,126,27,153,1227,1380,-80,4,7677,1029,0.0,0.0,10086,242687,173406.0,4020,2604.0,2
2020-05-29,Toscana,111,31,142,1113,1255,-125,2,7802,1031,0.0,0.0,10088,246052,175489.0,3365,2083.0,2
2020-05-30,Toscana,106,27,133,1033,1166,-89,12,7897,1037,0.0,0.0,10100,249441,177686.0,3389,2197.0,6
2020-05-31,Toscana,97,28,125,986,1111,-55,4,7952,1041,0.0,0.0,10104,252090,179296.0,2649,1610.0,4
2020-06-01,Toscana,85,25,110,972,1082,-29,3,7977,1048,0.0,0.0,10107,253845,180233.0,1755,937.0,7
2020-06-02,Toscana,85,25,110,901,1011,-71,10,8053,1053,0.0,0.0,10117,257178,182335.0,3333,2102.0,5
2020-06-03,Toscana,76,25,101,872,973,-38,4,8093,1055,0.0,0.0,10121,259167,183229.0,1989,894.0,2
2020-06-04,Toscana,65,24,89,794,883,-90,1,8180,1059,0.0,0.0,10122,262762,186632.0,3595,3403.0,4
2020-06-05,Toscana,55,23,78,779,857,-26,7,8209,1063,0.0,0.0,10129,266508,188882.0,3746,2250.0,4
2020-06-06,Toscana,49,22,71,714,785,-72,5,8281,1068,0.0,0.0,10134,269298,190860.0,2790,1978.0,5
2020-06-07,Toscana,52,20,72,678,750,-35,1,8315,1070,0.0,0.0,10135,272106,192675.0,2808,1815.0,2
2020-06-08,Toscana,50,20,70,651,721,-29,9,8349,1074,0.0,0.0,10144,273706,193737.0,1600,1062.0,4
2020-06-09,Toscana,46,17,63,565,628,-93,1,8440,1077,0.0,0.0,10145,277092,195695.0,3386,1958.0,3
2020-06-10,Toscana,40,15,55,484,539,-89,3,8531,1078,0.0,0.0,10148,280491,198466.0,3399,2771.0,1
2020-06-11,Toscana,42,15,57,464,521,-18,10,8558,1079,0.0,0.0,10158,283638,200500.0,3147,2034.0,1
2020-06-12,Toscana,36,14,50,460,510,-11,7,8575,1080,0.0,0.0,10165,286693,202577.0,3055,2077.0,1
2020-06-13,Toscana,33,16,49,453,502,-8,7,8588,1082,0.0,0.0,10172,289524,204513.0,2831,1936.0,2
2020-06-14,Toscana,34,16,50,449,499,-3,8,8596,1085,0.0,0.0,10180,292101,206348.0,2577,1835.0,3
2020-06-15,Toscana,31,16,47,442,489,-10,8,8611,1088,0.0,0.0,10188,293683,207371.0,1582,1023.0,3
2020-06-16,Toscana,34,14,48,415,463,-26,3,8637,1091,0.0,0.0,10191,296812,209629.0,3129,2258.0,3
2020-06-17,Toscana,33,14,47,397,444,-19,2,8657,1092,0.0,0.0,10193,300612,212090.0,3800,2461.0,1
2020-06-18,Toscana,23,13,36,402,438,-6,2,8664,1093,0.0,0.0,10195,303786,213644.0,3174,1554.0,1
2020-06-19,Toscana,18,12,30,393,423,-15,10,8687,1095,0.0,0.0,10205,306489,214853.0,2703,1209.0,2
2020-06-20,Toscana,19,12,31,383,414,-9,2,8698,1095,0.0,0.0,10207,309250,215914.0,2761,1061.0,0
2020-06-21,Toscana,19,9,28,337,365,-49,3,8750,1095,0.0,0.0,10210,311877,217330.0,2627,1416.0,0
2020-06-22,Toscana,18,9,27,333,360,-5,1,8752,1099,0.0,0.0,10211,313455,218271.0,1578,941.0,4
2020-06-23,Toscana,20,6,26,311,337,-23,6,8780,1100,0.0,0.0,10217,316933,219565.0,3478,1294.0,1
2020-06-24,Toscana,26,5,31,299,330,-7,5,8791,1101,0.0,0.0,10222,320799,221190.0,3866,1625.0,1
2020-06-25,Toscana,24,6,30,294,324,-6,2,8799,1101,10107.0,117.0,10224,323864,222294.0,3065,1104.0,0
2020-06-26,Toscana,21,6,27,287,314,-10,2,8809,1103,10027.0,199.0,10226,326645,223804.0,2781,1510.0,2
2020-06-27,Toscana,14,6,20,298,318,4,12,8817,1103,10039.0,199.0,10238,329865,225524.0,3220,1720.0,0
2020-06-28,Toscana,16,6,22,301,323,5,5,8817,1103,10044.0,199.0,10243,332758,227034.0,2893,1510.0,0
2020-06-29,Toscana,14,6,20,307,327,4,5,8817,1104,10049.0,199.0,10248,334198,228057.0,1440,1023.0,1
2020-06-30,Toscana,17,6,23,306,329,2,2,8817,1104,10032.0,218.0,10250,337110,229809.0,2912,1752.0,0
2020-07-01,Toscana,13,5,18,305,323,-6,4,8825,1106,10036.0,218.0,10254,341165,231407.0,4055,1598.0,2
2020-07-02,Toscana,11,3,14,310,324,1,4,8825,1109,10040.0,218.0,10258,344383,232951.0,3218,1544.0,3
2020-07-03,Toscana,13,3,16,307,323,-1,9,8832,1112,10049.0,218.0,10267,347127,234084.0,2744,1133.0,3
2020-07-04,Toscana,11,2,13,311,324,1,9,8838,1114,10058.0,218.0,10276,349745,235764.0,2618,1680.0,2
2020-07-05,Toscana,12,2,14,316,330,6,9,8841,1114,10065.0,220.0,10285,352549,237344.0,2804,1580.0,0
2020-07-06,Toscana,12,2,14,318,332,2,2,8841,1114,10067.0,220.0,10287,353862,238175.0,1313,831.0,0
2020-07-07,Toscana,12,1,13,326,339,7,19,8851,1116,10086.0,220.0,10306,356547,239793.0,2685,1618.0,2
2020-07-08,Toscana,12,2,14,327,341,2,7,8854,1118,10092.0,221.0,10313,360262,242041.0,3715,2248.0,2
2020-07-09,Toscana,11,2,13,324,337,-4,1,8857,1120,10093.0,221.0,10314,363333,243990.0,3071,1949.0,2
2020-07-10,Toscana,9,2,11,319,330,-7,2,8865,1121,10095.0,221.0,10316,366018,245794.0,2685,1804.0,1
2020-07-11,Toscana,7,3,10,320,330,0,5,8869,1122,10100.0,221.0,10321,368488,247347.0,2470,1553.0,1
2020-07-12,Toscana,8,3,11,320,331,1,1,8869,1122,10101.0,221.0,10322,371272,249202.0,2784,1855.0,0
2020-07-13,Toscana,7,3,10,325,335,4,4,8869,1122,10105.0,221.0,10326,372853,250093.0,1581,891.0,0
2020-07-14,Toscana,8,2,10,301,311,-24,4,8894,1125,10107.0,223.0,10330,375745,251778.0,2892,1685.0,3
2020-07-15,Toscana,9,3,12,301,313,2,8,8898,1127,10114.0,224.0,10338,379196,254060.0,3451,2282.0,2
2020-07-16,Toscana,12,2,14,301,315,2,12,8908,1127,10125.0,225.0,10350,382160,255850.0,2964,1790.0,0
2020-07-17,Toscana,12,1,13,305,318,3,6,8909,1129,10130.0,226.0,10356,384826,257616.0,2666,1766.0,2
2020-07-18,Toscana,12,1,13,301,314,-4,2,8915,1129,10132.0,226.0,10358,387885,259442.0,3059,1826.0,0
2020-07-19,Toscana,12,0,12,313,325,11,16,8920,1129,10147.0,227.0,10374,390676,261174.0,2791,1732.0,0
2020-07-20,Toscana,10,0,10,314,324,-1,1,8921,1130,10148.0,227.0,10375,391998,261958.0,1322,784.0,1
2020-07-21,Toscana,11,1,12,314,326,2,9,8927,1131,10157.0,227.0,10384,395061,263474.0,3063,1516.0,1
2020-07-22,Toscana,12,1,13,319,332,6,6,8927,1131,10162.0,228.0,10390,398693,266008.0,3632,2534.0,0
2020-07-23,Toscana,14,1,15,313,328,-4,4,8935,1131,10166.0,228.0,10394,401479,267719.0,2786,1711.0,0
