data,denominazione_regione,ricoverati_con_sintomi,terapia_intensiva,totale_ospedalizzati,isolamento_domiciliare,totale_positivi,variazione_totale_positivi,nuovi_positivi,dimessi_guariti,deceduti,casi_da_sospetto_diagnostico,casi_da_screening,totale_casi,tamponi,casi_testati,nuovi_tamponi,nuovi_casi_testati,nuovi_deceduti
2020-02-24,Valle d'Aosta,0,0,0,0,0,0,0,0,0,0.0,0.0,0,7,0.0,7,0.0,0
2020-02-25,Valle d'Aosta,0,0,0,0,0,0,0,0,0,0.0,0.0,0,7,0.0,0,0.0,0
2020-02-26,Valle d'Aosta,0,0,0,0,0,0,0,0,0,0.0,0.0,0,7,0.0,0,0.0,0
2020-02-27,Valle d'Aosta,0,0,0,0,0,0,0,0,0,0.0,0.0,0,9,0.0,2,0.0,0
2020-02-28,Valle d'Aosta,0,0,0,0,0,0,0,0,0,0.0,0.0,0,9,0.0,0,0.0,0
2020-02-29,Valle d'Aosta,0,0,0,0,0,0,0,0,0,0.0,0.0,0,9,0.0,0,0.0,0
2020-03-01,Valle d'Aosta,0,0,0,0,0,0,0,0,0,0.0,0.0,0,10,0.0,1,0.0,0
2020-03-02,Valle d'Aosta,0,0,0,0,0,0,0,0,0,0.0,0.0,0,11,0.0,1,0.0,0
2020-03-03,Valle d'Aosta,0,0,0,0,0,0,0,0,0,0.0,0.0,0,12,0.0,1,0.0,0
2020-03-04,Valle d'Aosta,0,0,0,0,0,0,0,0,0,0.0,0.0,0,15,0.0,3,0.0,0
2020-03-05,Valle d'Aosta,0,0,0,2,2,2,2,0,0,0.0,0.0,2,21,0.0,6,0.0,0
2020-03-06,Valle d'Aosta,0,0,0,7,7,5,5,0,0,0.0,0.0,7,28,0.0,7,0.0,0
2020-03-07,Valle d'Aosta,1,0,1,7,8,1,1,0,0,0.0,0.0,8,32,0.0,4,0.0,0
2020-03-08,Valle d'Aosta,1,0,1,8,9,1,1,0,0,0.0,0.0,9,41,0.0,9,0.0,0
2020-03-09,Valle d'Aosta,4,0,4,11,15,6,6,0,0,0.0,0.0,15,67,0.0,26,0.0,0
2020-03-10,Valle d'Aosta,2,0,2,15,17,2,2,0,0,0.0,0.0,17,89,0.0,22,0.0,0
2020-03-11,Valle d'Aosta,2,0,2,17,19,2,3,0,1,0.0,0.0,20,99,0.0,10,0.0,1
2020-03-12,Valle d'Aosta,7,0,7,19,26,7,7,0,1,0.0,0.0,27,118,0.0,19,0.0,0
2020-03-13,Valle d'Aosta,6,0,6,21,27,1,1,0,1,0.0,0.0,28,189,0.0,71,0.0,0
2020-03-14,Valle d'Aosta,12,0,12,29,41,14,14,0,1,0.0,0.0,42,231,0.0,42,0.0,0
2020-03-15,Valle d'Aosta,10,3,13,43,56,15,15,0,1,0.0,0.0,57,230,0.0,-1,0.0,0
2020-03-16,Valle d'Aosta,28,5,33,70,103,47,48,0,2,0.0,0.0,105,287,0.0,57,0.0,1
2020-03-17,Valle d'Aosta,35,6,41,93,134,31,31,0,2,0.0,0.0,136,398,0.0,111,0.0,0
2020-03-18,Valle d'Aosta,41,3,44,118,162,28,29,0,3,0.0,0.0,165,486,0.0,88,0.0,1
2020-03-19,Valle d'Aosta,47,9,56,153,209,47,50,0,6,0.0,0.0,215,608,0.0,122,0.0,3
2020-03-20,Valle d'Aosta,54,9,63,194,257,48,49,0,7,0.0,0.0,264,814,0.0,206,0.0,1
2020-03-21,Valle d'Aosta,62,15,77,227,304,47,49,1,8,0.0,0.0,313,884,0.0,70,0.0,1
2020-03-22,Valle d'Aosta,63,21,84,270,354,50,51,1,9,0.0,0.0,364,950,0.0,66,0.0,1
2020-03-23,Valle d'Aosta,69,20,89,290,379,25,29,2,12,0.0,0.0,393,1098,0.0,148,0.0,3
2020-03-24,Valle d'Aosta,71,20,91,288,379,0,7,2,19,0.0,0.0,400,1180,0.0,82,0.0,7
2020-03-25,Valle d'Aosta,70,25,95,280,375,-4,1,2,24,0.0,0.0,401,1200,0.0,20,0.0,5
2020-03-26,Valle d'Aosta,73,24,97,281,378,3,7,2,28,0.0,0.0,408,1203,0.0,3,0.0,4
2020-03-27,Valle d'Aosta,91,24,115,298,413,35,44,2,37,0.0,0.0,452,1252,0.0,49,0.0,9
2020-03-28,Valle d'Aosta,90,26,116,352,468,55,59,2,41,0.0,0.0,511,1380,0.0,128,0.0,4
2020-03-29,Valle d'Aosta,90,26,116,423,539,71,73,2,43,0.0,0.0,584,1480,0.0,100,0.0,2
2020-03-30,Valle d'Aosta,92,26,118,400,518,-21,0,16,50,0.0,0.0,584,1536,0.0,56,0.0,7
2020-03-31,Valle d'Aosta,91,26,117,435,552,34,44,20,56,0.0,0.0,628,1582,0.0,46,0.0,6
2020-04-01,Valle d'Aosta,85,27,112,428,540,-12,3,32,59,0.0,0.0,631,1717,0.0,135,0.0,3
2020-04-02,Valle d'Aosta,85,25,110,446,556,16,37,49,63,0.0,0.0,668,1934,0.0,217,0.0,4
2020-04-03,Valle d'Aosta,85,25,110,450,560,4,51,89,70,0.0,0.0,719,2106,0.0,172,0.0,7
2020-04-04,Valle d'Aosta,63,23,86,474,560,0,29,106,82,0.0,0.0,748,2274,0.0,168,0.0,12
2020-04-05,Valle d'Aosta,96,23,119,457,576,16,34,115,91,0.0,0.0,782,2390,0.0,116,0.0,9
2020-04-06,Valle d'Aosta,109,21,130,437,567,-9,23,142,96,0.0,0.0,805,2590,0.0,200,0.0,5
2020-04-07,Valle d'Aosta,118,17,135,458,593,26,30,142,100,0.0,0.0,835,2754,0.0,164,0.0,4
2020-04-08,Valle d'Aosta,120,20,140,466,606,13,15,142,102,0.0,0.0,850,2953,0.0,199,0.0,2
2020-04-09,Valle d'Aosta,118,18,136,473,609,3,18,154,105,0.0,0.0,868,3142,0.0,189,0.0,3
2020-04-10,Valle d'Aosta,131,16,147,455,602,-7,11,170,107,0.0,0.0,879,3328,0.0,186,0.0,2
2020-04-11,Valle d'Aosta,118,17,135,455,590,-12,23,205,107,0.0,0.0,902,3464,0.0,136,0.0,0
2020-04-12,Valle d'Aosta,109,16,125,463,588,-2,19,221,112,0.0,0.0,921,3510,0.0,46,0.0,5
2020-04-13,Valle d'Aosta,109,15,124,458,582,-6,6,230,115,0.0,0.0,927,3614,0.0,104,0.0,3
2020-04-14,Valle d'Aosta,112,14,126,433,559,-23,20,270,118,0.0,0.0,947,3726,0.0,112,0.0,3
2020-04-15,Valle d'Aosta,112,11,123,425,548,-11,11,289,121,0.0,0.0,958,3894,0.0,168,0.0,3
2020-04-16,Valle d'Aosta,105,12,117,401,518,-30,13,331,122,0.0,0.0,971,4159,0.0,265,0.0,1
2020-04-17,Valle d'Aosta,108,9,117,374,491,-27,22,379,123,0.0,0.0,993,4366,0.0,207,0.0,1
2020-04-18,Valle d'Aosta,107,10,117,432,549,58,80,400,124,0.0,0.0,1073,4521,0.0,155,0.0,1
2020-04-19,Valle d'Aosta,102,10,112,450,562,13,15,401,125,0.0,0.0,1088,4677,3802.0,156,3802.0,1
2020-04-20,Valle d'Aosta,102,8,110,438,548,-14,0,413,127,0.0,0.0,1088,4799,3910.0,122,108.0,2
2020-04-21,Valle d'Aosta,99,8,107,415,522,-26,5,445,126,0.0,0.0,1093,4911,3969.0,112,59.0,-1
2020-04-22,Valle d'Aosta,92,8,100,401,501,-21,2,467,127,0.0,0.0,1095,5024,4011.0,113,42.0,1
2020-04-23,Valle d'Aosta,91,9,100,363,463,-38,1,506,127,0.0,0.0,1096,5227,4133.0,203,122.0,0
2020-04-24,Valle d'Aosta,88,7,95,259,354,-109,4,617,129,0.0,0.0,1100,5262,4454.0,35,321.0,2
2020-04-25,Valle d'Aosta,83,6,89,224,313,-41,0,657,130,0.0,0.0,1100,5966,4694.0,704,240.0,1
2020-04-26,Valle d'Aosta,82,7,89,165,254,-59,6,721,131,0.0,0.0,1106,6135,4624.0,169,-70.0,1
2020-04-27,Valle d'Aosta,86,7,93,142,235,-19,5,743,133,0.0,0.0,1111,6551,4873.0,416,249.0,2
2020-04-28,Valle d'Aosta,81,5,86,123,209,-26,8,775,135,0.0,0.0,1119,6897,5069.0,346,196.0,2
2020-04-29,Valle d'Aosta,78,5,83,52,135,-74,5,852,137,0.0,0.0,1124,7181,5337.0,284,268.0,2
2020-04-30,Valle d'Aosta,76,4,80,9,89,-46,4,902,137,0.0,0.0,1128,7631,5647.0,450,310.0,0
2020-05-01,Valle d'Aosta,72,3,75,17,92,3,5,904,137,0.0,0.0,1133,7769,5818.0,138,171.0,0
2020-05-02,Valle d'Aosta,70,3,73,25,98,6,3,901,137,0.0,0.0,1136,7951,5931.0,182,113.0,0
2020-05-03,Valle d'Aosta,74,2,76,33,109,11,6,895,138,0.0,0.0,1142,8100,6046.0,149,115.0,1
2020-05-04,Valle d'Aosta,74,2,76,34,110,1,1,894,139,0.0,0.0,1143,8271,6200.0,171,154.0,1
2020-05-05,Valle d'Aosta,56,3,59,51,110,0,0,894,139,0.0,0.0,1143,8484,6342.0,213,142.0,0
2020-05-06,Valle d'Aosta,50,3,53,74,127,17,3,880,139,0.0,0.0,1146,8640,6461.0,156,119.0,0
2020-05-07,Valle d'Aosta,49,2,51,79,130,3,4,881,139,0.0,0.0,1150,8939,6702.0,299,241.0,0
2020-05-08,Valle d'Aosta,45,2,47,76,123,-7,1,889,139,0.0,0.0,1151,9280,6999.0,341,297.0,0
2020-05-09,Valle d'Aosta,45,3,48,70,118,-5,1,895,139,0.0,0.0,1152,9443,7130.0,163,131.0,0
2020-05-10,Valle d'Aosta,46,2,48,65,113,-5,5,905,139,0.0,0.0,1157,9833,7467.0,390,337.0,0
2020-05-11,Valle d'Aosta,44,1,45,62,107,-6,1,912,139,0.0,0.0,1158,10063,7651.0,230,184.0,0
2020-05-12,Valle d'Aosta,45,0,45,59,104,-3,2,916,140,0.0,0.0,1160,10415,7956.0,352,305.0,1
2020-05-13,Valle d'Aosta,38,0,38,55,93,-11,3,929,141,0.0,0.0,1163,10777,8254.0,362,298.0,1
2020-05-14,Valle d'Aosta,38,0,38,42,80,-13,3,945,141,0.0,0.0,1166,11100,8537.0,323,283.0,0
2020-05-15,Valle d'Aosta,37,0,37,40,77,-3,6,953,142,0.0,0.0,1172,11413,8814.0,313,277.0,1
2020-05-16,Valle d'Aosta,33,0,33,42,75,-2,1,956,142,0.0,0.0,1173,11835,9181.0,422,367.0,0
2020-05-17,Valle d'Aosta,31,0,31,37,68,-7,0,962,143,0.0,0.0,1173,12169,9469.0,334,288.0,1
2020-05-18,Valle d'Aosta,30,0,30,30,60,-8,1,971,143,0.0,0.0,1174,12327,9595.0,158,126.0,0
2020-05-19,Valle d'Aosta,26,1,27,22,49,-11,1,983,143,0.0,0.0,1175,12663,9862.0,336,267.0,0
2020-05-20,Valle d'Aosta,25,1,26,20,46,-3,0,986,143,0.0,0.0,1175,12920,10079.0,257,217.0,0
2020-05-21,Valle d'Aosta,26,1,27,16,43,-3,1,990,143,0.0,0.0,1176,13261,10380.0,341,301.0,0
2020-05-22,Valle d'Aosta,22,2,24,19,43,0,1,991,143,0.0,0.0,1177,13531,10607.0,270,227.0,0
2020-05-23,Valle d'Aosta,23,2,25,10,35,-8,0,999,143,0.0,0.0,1177,13828,10858.0,297,251.0,0
2020-05-24,Valle d'Aosta,23,1,24,8,32,-3,1,1003,143,0.0,0.0,1178,14079,11035.0,251,177.0,0
2020-05-25,Valle d'Aosta,19,1,20,13,33,1,1,1003,143,0.0,0.0,1179,14175,11123.0,96,88.0,0
2020-05-26,Valle d'Aosta,17,1,18,13,31,-2,2,1007,143,0.0,0.0,1181,14262,11190.0,87,67.0,0
2020-05-27,Valle d'Aosta,17,1,18,9,27,-4,0,1011,143,0.0,0.0,1181,14459,11322.0,197,132.0,0
2020-05-28,Valle d'Aosta,16,0,16,7,23,-4,1,1016,143,0.0,0.0,1182,14653,11487.0,194,165.0,0
2020-05-29,Valle d'Aosta,12,0,12,7,19,-4,0,1020,143,0.0,0.0,1182,14759,11572.0,106,85.0,0
2020-05-30,Valle d'Aosta,13,0,13,4,17,-2,1,1023,143,0.0,0.0,1183,14972,11741.0,213,169.0,0
2020-05-31,Valle d'Aosta,12,0,12,3,15,-2,1,1026,143,0.0,0.0,1184,15203,11926.0,231,185.0,0
2020-06-01,Valle d'Aosta,11,0,11,6,17,2,3,1027,143,0.0,0.0,1187,15230,11950.0,27,24.0,0
2020-06-02,Valle d'Aosta,10,0,10,3,13,-4,0,1031,143,0.0,0.0,1187,15327,12027.0,97,77.0,0
2020-06-03,Valle d'Aosta,9,0,9,4,13,0,0,1031,143,0.0,0.0,1187,15413,12084.0,86,57.0,0
2020-06-04,Valle d'Aosta,9,0,9,1,10,-3,0,1034,143,0.0,0.0,1187,15512,12156.0,99,72.0,0
2020-06-05,Valle d'Aosta,9,0,9,1,10,0,0,1034,143,0.0,0.0,1187,15587,12200.0,75,44.0,0
2020-06-06,Valle d'Aosta,7,0,7,5,12,2,2,1033,144,0.0,0.0,1189,15730,12289.0,143,89.0,1
2020-06-07,Valle d'Aosta,6,0,6,3,9,-3,2,1038,144,0.0,0.0,1191,15905,12335.0,175,46.0,0
2020-06-08,Valle d'Aosta,7,0,7,1,8,-1,0,1039,144,0.0,0.0,1191,15910,12385.0,5,50.0,0
2020-06-09,Valle d'Aosta,7,0,7,1,8,0,0,1039,144,0.0,0.0,1191,16040,12436.0,130,51.0,0
2020-06-10,Valle d'Aosta,3,0,3,3,6,-2,0,1041,144,0.0,0.0,1191,16141,12502.0,101,66.0,0
2020-06-11,Valle d'Aosta,6,0,6,0,6,0,0,1041,144,0.0,0.0,1191,16268,12606.0,127,104.0,0
2020-06-12,Valle d'Aosta,6,0,6,3,9,3,0,1038,144,0.0,0.0,1191,16374,12671.0,106,65.0,0
2020-06-13,Valle d'Aosta,7,0,7,0,7,-2,0,1040,144,0.0,0.0,1191,16476,12736.0,102,65.0,0
2020-06-14,Valle d'Aosta,7,0,7,0,7,0,0,1040,144,0.0,0.0,1191,16597,12806.0,121,70.0,0
2020-06-15,Valle d'Aosta,7,0,7,5,12,5,0,1035,144,0.0,0.0,1191,16650,12829.0,53,23.0,0
2020-06-16,Valle d'Aosta,6,0,6,4,10,-2,0,1037,144,0.0,0.0,1191,16764,12907.0,114,78.0,0
2020-06-17,Valle d'Aosta,5,0,5,3,8,-2,0,1039,144,0.0,0.0,1191,16918,12996.0,154,89.0,0
2020-06-18,Valle d'Aosta,5,0,5,1,6,-2,0,1040,145,0.0,0.0,1191,17057,13097.0,139,101.0,1
2020-06-19,Valle d'Aosta,4,0,4,0,4,-2,0,1041,146,0.0,0.0,1191,17183,13182.0,126,85.0,1
2020-06-20,Valle d'Aosta,4,0,4,2,6,2,2,1041,146,0.0,0.0,1193,17297,13234.0,114,52.0,0
2020-06-21,Valle d'Aosta,4,0,4,1,5,-1,0,1042,146,0.0,0.0,1193,17392,13294.0,95,60.0,0
2020-06-22,Valle d'Aosta,4,0,4,1,5,0,0,1042,146,0.0,0.0,1193,18239,13294.0,847,0.0,0
2020-06-23,Valle d'Aosta,3,0,3,2,5,0,0,1042,146,0.0,0.0,1193,17589,13474.0,-650,180.0,0
2020-06-24,Valle d'Aosta,3,0,3,3,6,1,1,1042,146,0.0,0.0,1194,17700,13497.0,111,23.0,0
2020-06-25,Valle d'Aosta,2,0,2,3,5,-1,0,1043,146,1084.0,110.0,1194,17848,13560.0,148,63.0,0
2020-06-26,Valle d'Aosta,2,0,2,2,4,-1,0,1044,146,1083.0,111.0,1194,17941,13610.0,93,50.0,0
2020-06-27,Valle d'Aosta,2,0,2,2,4,0,0,1044,146,1083.0,111.0,1194,17988,13635.0,47,25.0,0
2020-06-28,Valle d'Aosta,3,0,3,1,4,0,0,1044,146,1083.0,111.0,1194,18062,13681.0,74,46.0,0
2020-06-29,Valle d'Aosta,3,0,3,0,3,-1,0,1045,146,1083.0,111.0,1194,18148,13734.0,86,53.0,0
2020-06-30,Valle d'Aosta,4,0,4,0,4,1,1,1045,146,1083.0,112.0,1195,18263,13805.0,115,71.0,0
2020-07-01,Valle d'Aosta,2,0,2,1,3,-1,0,1046,146,1083.0,112.0,1195,18414,13892.0,151,87.0,0
2020-07-02,Valle d'Aosta,2,0,2,1,3,0,0,1046,146,1081.0,114.0,1195,18479,13911.0,65,19.0,0
2020-07-03,Valle d'Aosta,3,0,3,1,4,1,1,1046,146,1082.0,114.0,1196,18576,13966.0,97,55.0,0
2020-07-04,Valle d'Aosta,3,0,3,1,4,0,0,1046,146,1082.0,114.0,1196,18650,14000.0,74,34.0,0
2020-07-05,Valle d'Aosta,4,0,4,1,5,1,0,1045,146,1082.0,114.0,1196,18707,14039.0,57,39.0,0
2020-07-06,Valle d'Aosta,4,0,4,1,5,0,0,1045,146,1082.0,114.0,1196,18807,14101.0,100,62.0,0
2020-07-07,Valle d'Aosta,4,0,4,1,5,0,0,1045,146,1082.0,114.0,1196,18869,14138.0,62,37.0,0
2020-07-08,Valle d'Aosta,4,0,4,1,5,0,0,1045,146,1082.0,114.0,1196,19052,14235.0,183,97.0,0
2020-07-09,Valle d'Aosta,4,0,4,1,5,0,0,1045,146,1079.0,117.0,1196,19246,14304.0,194,69.0,0
2020-07-10,Valle d'Aosta,4,0,4,1,5,0,0,1045,146,1079.0,117.0,1196,19327,14342.0,81,38.0,0
2020-07-11,Valle d'Aosta,2,0,2,1,3,-2,0,1047,146,1079.0,117.0,1196,19409,14405.0,82,63.0,0
2020-07-12,Valle d'Aosta,2,0,2,1,3,0,0,1047,146,1079.0,117.0,1196,19497,14500.0,88,95.0,0
2020-07-13,Valle d'Aosta,2,0,2,1,3,0,0,1047,146,1079.0,117.0,1196,19599,14554.0,102,54.0,0
2020-07-14,Valle d'Aosta,3,0,3,1,4,1,0,1046,146,1079.0,117.0,1196,19707,14621.0,108,67.0,0
2020-07-15,Valle d'Aosta,1,0,1,1,2,-2,0,1048,146,1079.0,117.0,1196,19824,14702.0,117,81.0,0
2020-07-16,Valle d'Aosta,1,0,1,1,2,0,0,1048,146,1079.0,117.0,1196,19915,14736.0,91,34.0,0
2020-07-17,Valle d'Aosta,2,0,2,0,2,0,0,1048,146,1079.0,117.0,1196,20023,14770.0,108,34.0,0
2020-07-18,Valle d'Aosta,2,0,2,0,2,0,0,1048,146,1079.0,117.0,1196,20104,14826.0,81,56.0,0
2020-07-19,Valle d'Aosta,2,0,2,1,3,1,0,1047,146,1079.0,117.0,1196,20190,14892.0,86,66.0,0
2020-07-20,Valle d'Aosta,1,0,1,0,1,-2,0,1049,146,1079.0,117.0,1196,20270,14947.0,80,55.0,0
2020-07-21,Valle d'Aosta,1,0,1,0,1,0,0,1049,146,1079.0,117.0,1196,20380,15007.0,110,60.0,0
2020-07-22,Valle d'Aosta,1,0,1,0,1,0,0,1049,146,1079.0,117.0,1196,20539,15112.0,159,105.0,0
2020-07-23,Valle d'Aosta,1,0,1,0,1,0,0,1049,146,1079.0,117.0,1196,20668,15131.0,129,19.0,0
